0.01503253,-402.7885,200,-208.7034,270,315,0
0.03503253,-402.7885,200,-208.7034,270,315,0
0.05503253,-402.011,199.981,-208.9062,270,315,0
0.07503253,-401.5078,199.9943,-209.0368,270,315,0
0.09503253,-400.9128,199.987,-209.1924,270,315,0
0.1150325,-400.3483,199.9901,-209.3396,270,315,0
0.1350325,-399.7737,199.9885,-209.4895,270,315,0
0.1550325,-399.2025,199.9889,-209.6385,270,315,0
0.1750325,-398.6301,199.9884,-209.7879,270,315,0
0.1950325,-398.0581,199.9883,-209.9371,270,315,0
0.2150325,-397.486,199.9881,-210.0864,270,315,0
0.2350325,-396.914,199.9879,-210.2356,270,315,0
0.2550325,-396.3419,199.9877,-210.3849,270,315,0
0.2750325,-395.7698,199.9875,-210.5341,270,315,0
0.2950325,-395.1977,199.9873,-210.6834,270,315,0
0.3150325,-394.6256,199.9871,-210.8327,270,315,0
0.3350325,-394.0536,199.9869,-210.9819,270,315,0
0.3550325,-393.4815,199.9867,-211.1312,270,315,0
0.3750325,-392.9094,199.9865,-211.2805,270,315,0
0.3950325,-392.3373,199.9863,-211.4297,270,315,0
0.4150325,-391.7652,199.9861,-211.579,270,315,0
0.4350325,-391.1931,199.9859,-211.7282,270,315,0
0.4550325,-390.6211,199.9857,-211.8775,270,315,0
0.4750325,-390.049,199.9855,-212.0268,270,315,0
0.4950325,-389.4769,199.9854,-212.176,270,315,0
0.5150325,-388.9048,199.9852,-212.3253,270,315,0
0.5350325,-388.3327,199.985,-212.4745,270,315,0
0.5550325,-387.7607,199.9848,-212.6238,270,315,0
0.5750325,-387.1886,199.9846,-212.7731,270,315,0
0.5950325,-386.6165,199.9844,-212.9223,270,315,0
0.6150325,-386.0444,199.9842,-213.0716,270,315,0
0.6350325,-385.4723,199.984,-213.2209,270,315,0
0.6550325,-384.9002,199.9838,-213.3701,270,315,0
0.6750325,-384.3282,199.9836,-213.5194,270,315,0
0.6950325,-383.7561,199.9834,-213.6686,270,315,0
0.7150325,-383.184,199.9832,-213.8179,270,315,0
0.7350325,-382.6119,199.983,-213.9672,270,315,0
0.7550325,-382.0398,199.9828,-214.1164,270,315,0
0.7750325,-381.4677,199.9826,-214.2657,270,315,0
0.7950325,-380.8957,199.9824,-214.4149,270,315,0
0.8150325,-380.3236,199.9822,-214.5642,270,315,0
0.8350325,-379.7515,199.982,-214.7135,270,315,0
0.8550325,-379.1794,199.9818,-214.8627,270,315,0
0.8750325,-378.6073,199.9816,-215.012,270,315,0
0.8950325,-378.0352,199.9814,-215.1613,270,315,0
0.9150325,-377.4632,199.9812,-215.3105,270,315,0
0.9350325,-376.8911,199.981,-215.4598,270,315,0
0.9550325,-376.319,199.9808,-215.609,270,315,0
0.9750325,-375.7469,199.9806,-215.7583,270,315,0
0.9950325,-375.1748,199.9804,-215.9076,270,315,0
1.015033,-374.6028,199.9802,-216.0568,270,315,0
1.035033,-374.0307,199.9801,-216.2061,270,315,0
1.055032,-373.4586,199.9799,-216.3553,270,315,0
1.075032,-372.8865,199.9797,-216.5046,270,315,0
1.095032,-372.3144,199.9795,-216.6539,270,315,0
1.115033,-371.7423,199.9793,-216.8031,270,315,0
1.135033,-371.1703,199.9791,-216.9524,270,315,0
1.155033,-370.5982,199.979,-217.1017,270,315,0
1.175032,-370.0261,199.9788,-217.2509,270,315,0
1.195032,-369.454,199.9786,-217.4002,270,315,0
1.215032,-368.8819,199.9784,-217.5494,270,315,0
1.235033,-368.3098,199.9782,-217.6987,270,315,0
1.255033,-367.7378,199.978,-217.848,270,315,0
1.275033,-367.1657,199.9779,-217.9972,270,315,0
1.295033,-366.5936,199.9777,-218.1465,270,315,0
1.315032,-366.0215,199.9775,-218.2957,270,315,0
1.335032,-365.4494,199.9773,-218.445,270,315,0
1.355032,-364.8773,199.9771,-218.5943,270,315,0
1.375033,-364.3053,199.9769,-218.7435,270,315,0
1.395033,-363.7332,199.9768,-218.8928,270,315,0
1.415033,-363.1611,199.9766,-219.0421,270,315,0
1.435032,-362.589,199.9764,-219.1913,270,315,0
1.455032,-362.0169,199.9762,-219.3406,270,315,0
1.475032,-361.4449,199.976,-219.4898,270,315,0
1.495033,-360.8728,199.9758,-219.6391,270,315,0
1.515033,-360.3007,199.9757,-219.7884,270,315,0
1.535033,-359.7286,199.9755,-219.9376,270,315,0
1.555032,-359.1565,199.9753,-220.0869,270,315,0
1.575032,-358.5844,199.9751,-220.2361,270,315,0
1.595032,-358.0124,199.9749,-220.3854,270,315,0
1.615033,-357.4403,199.9747,-220.5347,270,315,0
1.635033,-356.8682,199.9746,-220.6839,270,315,0
1.655033,-356.2961,199.9744,-220.8332,270,315,0
1.675032,-355.724,199.9742,-220.9825,270,315,0
1.695032,-355.1519,199.974,-221.1317,270,315,0
1.715032,-354.5799,199.9738,-221.281,270,315,0
1.735032,-354.0078,199.9736,-221.4302,270,315,0
1.755033,-353.4357,199.9735,-221.5795,270,315,0
1.775033,-352.8636,199.9733,-221.7288,270,315,0
1.795033,-352.2915,199.9731,-221.878,270,315,0
1.815032,-351.7195,199.9729,-222.0273,270,315,0
1.835032,-351.1474,199.9727,-222.1765,270,315,0
1.855032,-350.5753,199.9725,-222.3258,270,315,0
1.875033,-350.0032,199.9724,-222.4751,270,315,0
1.895033,-349.4311,199.9722,-222.6243,270,315,0
1.915033,-348.859,199.972,-222.7736,270,315,0
1.935032,-348.287,199.9718,-222.9229,270,315,0
1.955032,-347.7149,199.9716,-223.0721,270,315,0
1.975032,-347.1428,199.9715,-223.2214,270,315,0
1.995032,-346.5707,199.9713,-223.3706,270,315,0
2.015033,-345.9986,199.9711,-223.5199,270,315,0
2.035033,-345.4265,199.9709,-223.6692,270,315,0
2.055032,-344.8545,199.9707,-223.8184,270,315,0
2.075032,-344.2824,199.9705,-223.9677,270,315,0
2.095032,-343.7103,199.9704,-224.1169,270,315,0
2.115032,-343.1382,199.9702,-224.2662,270,315,0
2.135032,-342.5661,199.97,-224.4155,270,315,0
2.155032,-341.994,199.9698,-224.5647,270,315,0
2.175032,-341.422,199.9696,-224.714,270,315,0
2.195033,-340.8499,199.9694,-224.8633,270,315,0
2.215033,-340.2778,199.9693,-225.0125,270,315,0
2.235033,-339.7057,199.9691,-225.1618,270,315,0
2.255033,-339.1336,199.9689,-225.311,270,315,0
2.275033,-338.5616,199.9687,-225.4603,270,315,0
2.295033,-337.9895,199.9685,-225.6096,270,315,0
2.315032,-337.4174,199.9683,-225.7588,270,315,0
2.335032,-336.8453,199.9682,-225.9081,270,315,0
2.355032,-336.2732,199.968,-226.0573,270,315,0
2.375032,-335.7011,199.9678,-226.2066,270,315,0
2.395032,-335.1291,199.9676,-226.3559,270,315,0
2.415032,-334.557,199.9674,-226.5051,270,315,0
2.435032,-333.9849,199.9672,-226.6544,270,315,0
2.455033,-333.4128,199.9671,-226.8036,270,315,0
2.475033,-332.8407,199.9669,-226.9529,270,315,0
2.495033,-332.2686,199.9667,-227.1022,270,315,0
2.515033,-331.6966,199.9665,-227.2514,270,315,0
2.535033,-331.1245,199.9663,-227.4007,270,315,0
2.555032,-330.5524,199.9661,-227.55,270,315,0
2.575032,-329.9803,199.966,-227.6992,270,315,0
2.595032,-329.4082,199.9658,-227.8485,270,315,0
2.615032,-328.8362,199.9656,-227.9977,270,315,0
2.635032,-328.2641,199.9654,-228.147,270,315,0
2.655032,-327.692,199.9652,-228.2963,270,315,0
2.675032,-327.1199,199.965,-228.4455,270,315,0
2.695032,-326.5478,199.9649,-228.5948,270,315,0
2.715033,-325.9757,199.9647,-228.744,270,315,0
2.735033,-325.4037,199.9645,-228.8933,270,315,0
2.755033,-324.8316,199.9643,-229.0426,270,315,0
2.775033,-324.2595,199.9641,-229.1918,270,315,0
2.795033,-323.6874,199.9639,-229.3411,270,315,0
2.815032,-323.1153,199.9638,-229.4904,270,315,0
2.835032,-322.5432,199.9636,-229.6396,270,315,0
2.855032,-321.9712,199.9634,-229.7889,270,315,0
2.875032,-321.3991,199.9632,-229.9381,270,315,0
2.895032,-320.827,199.963,-230.0874,270,315,0
2.915032,-320.2549,199.9628,-230.2367,270,315,0
2.935032,-319.6828,199.9627,-230.3859,270,315,0
2.955032,-319.1107,199.9625,-230.5352,270,315,0
2.975033,-318.5387,199.9623,-230.6844,270,315,0
2.995033,-317.9666,199.9621,-230.8337,270,315,0
3.015033,-317.3945,199.9619,-230.983,270,315,0
3.035033,-316.8224,199.9617,-231.1322,270,315,0
3.055032,-316.2503,199.9616,-231.2815,270,315,0
3.075032,-315.6783,199.9614,-231.4308,270,315,0
3.095032,-315.1062,199.9612,-231.58,270,315,0
3.115032,-314.5341,199.9611,-231.7293,270,315,0
3.135032,-313.962,199.9609,-231.8785,270,315,0
3.155032,-313.3899,199.9607,-232.0278,270,315,0
3.175032,-312.8178,199.9606,-232.1771,270,315,0
3.195032,-312.2458,199.9604,-232.3263,270,315,0
3.215033,-311.6737,199.9602,-232.4756,270,315,0
3.235033,-311.1016,199.9601,-232.6248,270,315,0
3.255033,-310.5295,199.9599,-232.7741,270,315,0
3.275033,-309.9574,199.9597,-232.9234,270,315,0
3.295033,-309.3853,199.9596,-233.0726,270,315,0
3.315032,-308.8133,199.9594,-233.2219,270,315,0
3.335032,-308.2412,199.9592,-233.3712,270,315,0
3.355032,-307.6691,199.9591,-233.5204,270,315,0
3.375032,-307.097,199.9589,-233.6697,270,315,0
3.395032,-306.5249,199.9587,-233.8189,270,315,0
3.415032,-305.9529,199.9586,-233.9682,270,315,0
3.435032,-305.3808,199.9584,-234.1175,270,315,0
3.455032,-304.8087,199.9582,-234.2667,270,315,0
3.475033,-304.2366,199.9581,-234.416,270,315,0
3.495033,-303.6645,199.9579,-234.5652,270,315,0
3.515033,-303.0924,199.9577,-234.7145,270,315,0
3.535033,-302.5204,199.9576,-234.8638,270,315,0
3.555032,-301.9483,199.9574,-235.013,270,315,0
3.575032,-301.3762,199.9572,-235.1623,270,315,0
3.595032,-300.8041,199.957,-235.3116,270,315,0
3.615032,-300.232,199.9569,-235.4608,270,315,0
3.635032,-299.6599,199.9567,-235.6101,270,315,0
3.655032,-299.0879,199.9565,-235.7593,270,315,0
3.675032,-298.5158,199.9564,-235.9086,270,315,0
3.695032,-297.9437,199.9562,-236.0579,270,315,0
3.715032,-297.3716,199.956,-236.2071,270,315,0
3.735033,-296.7995,199.9559,-236.3564,270,315,0
3.755033,-296.2274,199.9557,-236.5056,270,315,0
3.775033,-295.6554,199.9555,-236.6549,270,315,0
3.795033,-295.0833,199.9554,-236.8042,270,315,0
3.815032,-294.5112,199.9552,-236.9534,270,315,0
3.835032,-293.9391,199.955,-237.1027,270,315,0
3.855032,-293.367,199.9549,-237.252,270,315,0
3.875032,-292.795,199.9547,-237.4012,270,315,0
3.895032,-292.2229,199.9545,-237.5505,270,315,0
3.915032,-291.6508,199.9544,-237.6997,270,315,0
3.935032,-291.0787,199.9542,-237.849,270,315,0
3.955032,-290.5066,199.954,-237.9983,270,315,0
3.975032,-289.9345,199.9539,-238.1475,270,315,0
3.995033,-289.3625,199.9537,-238.2968,270,315,0
4.015032,-288.7904,199.9535,-238.446,270,315,0
4.035032,-288.2183,199.9534,-238.5953,270,315,0
4.055032,-287.6462,199.9532,-238.7446,270,315,0
4.075032,-287.0741,199.953,-238.8938,270,315,0
4.095032,-286.502,199.9529,-239.0431,270,315,0
4.115033,-285.93,199.9527,-239.1924,270,315,0
4.135033,-285.3579,199.9525,-239.3416,270,315,0
4.155033,-284.7858,199.9523,-239.4909,270,315,0
4.175033,-284.2137,199.9522,-239.6401,270,315,0
4.195033,-283.6416,199.952,-239.7894,270,315,0
4.215033,-283.0695,199.9518,-239.9387,270,315,0
4.235033,-282.4975,199.9517,-240.0879,270,315,0
4.255033,-281.9254,199.9515,-240.2372,270,315,0
4.275033,-281.3533,199.9513,-240.3864,270,315,0
4.295033,-280.7812,199.9512,-240.5357,270,315,0
4.315032,-280.2091,199.951,-240.685,270,315,0
4.335032,-279.6371,199.9508,-240.8342,270,315,0
4.355032,-279.065,199.9507,-240.9835,270,315,0
4.375032,-278.4929,199.9505,-241.1328,270,315,0
4.395032,-277.9208,199.9503,-241.282,270,315,0
4.415032,-277.3487,199.9502,-241.4313,270,315,0
4.435032,-276.7766,199.95,-241.5805,270,315,0
4.455032,-276.2046,199.9498,-241.7298,270,315,0
4.475032,-275.6325,199.9497,-241.8791,270,315,0
4.495032,-275.0604,199.9495,-242.0283,270,315,0
4.515032,-274.4883,199.9493,-242.1776,270,315,0
4.535032,-273.9162,199.9492,-242.3268,270,315,0
4.555032,-273.3441,199.949,-242.4761,270,315,0
4.575032,-272.7721,199.9488,-242.6254,270,315,0
4.595032,-272.2,199.9487,-242.7746,270,315,0
4.615032,-271.6279,199.9485,-242.9239,270,315,0
4.635033,-271.0558,199.9483,-243.0732,270,315,0
4.655033,-270.4837,199.9482,-243.2224,270,315,0
4.675033,-269.9117,199.948,-243.3717,270,315,0
4.695033,-269.3396,199.9478,-243.5209,270,315,0
4.715033,-268.7675,199.9476,-243.6702,270,315,0
4.735033,-268.1954,199.9475,-243.8195,270,315,0
4.755033,-267.6233,199.9473,-243.9687,270,315,0
4.775033,-267.0512,199.9471,-244.118,270,315,0
4.795033,-266.4792,199.947,-244.2672,270,315,0
4.815032,-265.9071,199.9468,-244.4165,270,315,0
4.835032,-265.335,199.9466,-244.5658,270,315,0
4.855032,-264.7629,199.9465,-244.715,270,315,0
4.875032,-264.1908,199.9463,-244.8643,270,315,0
4.895032,-263.6187,199.9461,-245.0135,270,315,0
4.915032,-263.0467,199.946,-245.1628,270,315,0
4.935032,-262.4746,199.9458,-245.3121,270,315,0
4.955032,-261.9025,199.9456,-245.4613,270,315,0
4.975032,-261.3304,199.9455,-245.6106,270,315,0
4.995032,-260.7583,199.9453,-245.7599,270,315,0
5.015032,-260.1862,199.9452,-245.9091,270,315,0
5.035032,-259.6142,199.945,-246.0584,270,315,0
5.055032,-259.0421,199.9449,-246.2076,270,315,0
5.075032,-258.47,199.9447,-246.3569,270,315,0
5.095032,-257.8979,199.9445,-246.5062,270,315,0
5.115032,-257.3258,199.9444,-246.6554,270,315,0
5.135033,-256.7538,199.9442,-246.8047,270,315,0
5.155033,-256.1817,199.9441,-246.9539,270,315,0
5.175033,-255.6096,199.9439,-247.1032,270,315,0
5.195033,-255.0375,199.9438,-247.2525,270,315,0
5.215033,-254.4655,199.9436,-247.4017,270,315,0
5.235033,-253.8934,199.9435,-247.551,270,315,0
5.255033,-253.3213,199.9433,-247.7003,270,315,0
5.275033,-252.7493,199.9432,-247.8495,270,315,0
5.295033,-252.1772,199.943,-247.9988,270,315,0
5.315032,-251.6051,199.9429,-248.148,270,315,0
5.335032,-251.0331,199.9427,-248.2973,270,315,0
5.355032,-250.461,199.9426,-248.4466,270,315,0
5.375032,-249.8889,199.9424,-248.5958,270,315,0
5.395032,-249.3169,199.9423,-248.7451,270,315,0
5.415032,-248.7448,199.9421,-248.8943,270,315,0
5.435032,-248.1727,199.942,-249.0436,270,315,0
5.455032,-247.6007,199.9418,-249.1929,270,315,0
5.475032,-247.0286,199.9417,-249.3421,270,315,0
5.495032,-246.4565,199.9415,-249.4914,270,315,0
5.515032,-245.8845,199.9413,-249.6407,270,315,0
5.535032,-245.3124,199.9412,-249.7899,270,315,0
5.555032,-244.7403,199.941,-249.9392,270,315,0
5.575032,-244.1683,199.9409,-250.0884,270,315,0
5.595032,-243.5962,199.9407,-250.2377,270,315,0
5.615032,-243.0241,199.9406,-250.387,270,315,0
5.635032,-242.4521,199.9404,-250.5362,270,315,0
5.655033,-241.88,199.9403,-250.6855,270,315,0
5.675033,-241.3079,199.9401,-250.8347,270,315,0
5.695033,-240.7359,199.94,-250.984,270,315,0
5.715033,-240.1638,199.9398,-251.1333,270,315,0
5.735033,-239.5917,199.9397,-251.2825,270,315,0
5.755033,-239.0197,199.9395,-251.4318,270,315,0
5.775033,-238.4476,199.9394,-251.5811,270,315,0
5.795033,-237.8755,199.9392,-251.7303,270,315,0
5.815032,-237.3035,199.9391,-251.8796,270,315,0
5.835032,-236.7314,199.9389,-252.0288,270,315,0
5.855032,-236.1593,199.9388,-252.1781,270,315,0
5.875032,-235.5872,199.9386,-252.3274,270,315,0
5.895032,-235.0152,199.9384,-252.4766,270,315,0
5.915032,-234.4431,199.9383,-252.6259,270,315,0
5.935032,-233.871,199.9381,-252.7751,270,315,0
5.955032,-233.299,199.938,-252.9244,270,315,0
5.975032,-232.7269,199.9378,-253.0737,270,315,0
5.995032,-232.1548,199.9377,-253.2229,270,315,0
6.015032,-231.5828,199.9375,-253.3722,270,315,0
6.035032,-231.0107,199.9374,-253.5215,270,315,0
6.055032,-230.4386,199.9372,-253.6707,270,315,0
6.075032,-229.8666,199.9371,-253.82,270,315,0
6.095032,-229.2945,199.9369,-253.9692,270,315,0
6.115032,-228.7224,199.9368,-254.1185,270,315,0
6.135032,-228.1504,199.9366,-254.2678,270,315,0
6.155032,-227.5783,199.9365,-254.417,270,315,0
6.175033,-227.0062,199.9363,-254.5663,270,315,0
6.195033,-226.4342,199.9362,-254.7155,270,315,0
6.215033,-225.8621,199.936,-254.8648,270,315,0
6.235033,-225.29,199.9359,-255.0141,270,315,0
6.255033,-224.718,199.9357,-255.1633,270,315,0
6.275033,-224.1459,199.9355,-255.3126,270,315,0
6.295033,-223.5738,199.9354,-255.4619,270,315,0
6.315032,-223.0018,199.9352,-255.6111,270,315,0
6.335032,-222.4297,199.9351,-255.7604,270,315,0
6.355032,-221.8576,199.9349,-255.9096,270,315,0
6.375032,-221.2856,199.9348,-256.0589,270,315,0
6.395032,-220.7135,199.9346,-256.2082,270,315,0
6.415032,-220.1414,199.9345,-256.3574,270,315,0
6.435032,-219.5694,199.9343,-256.5067,270,315,0
6.455032,-218.9973,199.9342,-256.6559,270,315,0
6.475032,-218.4252,199.934,-256.8052,270,315,0
6.495032,-217.8532,199.9339,-256.9545,270,315,0
6.515032,-217.2811,199.9337,-257.1037,270,315,0
6.535032,-216.709,199.9336,-257.253,270,315,0
6.555032,-216.137,199.9334,-257.4023,270,315,0
6.575032,-215.5649,199.9333,-257.5515,270,315,0
6.595032,-214.9928,199.9331,-257.7008,270,315,0
6.615032,-214.4208,199.933,-257.85,270,315,0
6.635032,-213.8487,199.9328,-257.9993,270,315,0
6.655032,-213.2766,199.9326,-258.1486,270,315,0
6.675033,-212.7046,199.9325,-258.2978,270,315,0
6.695033,-212.1325,199.9323,-258.4471,270,315,0
6.715033,-211.5604,199.9322,-258.5963,270,315,0
6.735033,-210.9884,199.932,-258.7456,270,315,0
6.755033,-210.4163,199.9319,-258.8949,270,315,0
6.775033,-209.8442,199.9317,-259.0441,270,315,0
6.795033,-209.2722,199.9316,-259.1934,270,315,0
6.815032,-208.7001,199.9315,-259.3427,270,315,0
6.835032,-208.128,199.9313,-259.4919,270,315,0
6.855032,-207.556,199.9312,-259.6412,270,315,0
6.875032,-206.9839,199.931,-259.7904,270,315,0
6.895032,-206.4118,199.9309,-259.9397,270,315,0
6.915032,-205.8398,199.9308,-260.089,270,315,0
6.935032,-205.2677,199.9306,-260.2382,270,315,0
6.955032,-204.6956,199.9305,-260.3875,270,315,0
6.975032,-204.1236,199.9304,-260.5367,270,315,0
6.995032,-203.5515,199.9302,-260.686,270,315,0
7.015032,-202.9794,199.9301,-260.8353,270,315,0
7.035032,-202.4073,199.9299,-260.9845,270,315,0
7.055032,-201.8353,199.9298,-261.1338,270,315,0
7.075032,-201.2632,199.9297,-261.2831,270,315,0
7.095032,-200.6911,199.9295,-261.4323,270,315,0
7.115032,-200.1191,199.9294,-261.5816,270,315,0
7.135032,-199.547,199.9293,-261.7308,270,315,0
7.155032,-198.9749,199.9291,-261.8801,270,315,0
7.175032,-198.4029,199.929,-262.0294,270,315,0
7.195033,-197.8308,199.9288,-262.1786,270,315,0
7.215033,-197.2587,199.9287,-262.3279,270,315,0
7.235033,-196.6867,199.9286,-262.4771,270,315,0
7.255033,-196.1146,199.9284,-262.6264,270,315,0
7.275033,-195.5425,199.9283,-262.7757,270,315,0
7.295033,-194.9705,199.9282,-262.9249,270,315,0
7.315032,-194.3984,199.928,-263.0742,270,315,0
7.335032,-193.8263,199.9279,-263.2234,270,315,0
7.355032,-193.2543,199.9277,-263.3727,270,315,0
7.375032,-192.6822,199.9276,-263.522,270,315,0
7.395032,-192.1101,199.9275,-263.6712,270,315,0
7.415032,-191.5381,199.9273,-263.8205,270,315,0
7.435032,-190.966,199.9272,-263.9698,270,315,0
7.455032,-190.3939,199.9271,-264.119,270,315,0
7.475032,-189.8219,199.9269,-264.2683,270,315,0
7.495032,-189.2498,199.9268,-264.4175,270,315,0
7.515032,-188.6777,199.9267,-264.5668,270,315,0
7.535032,-188.1057,199.9265,-264.7161,270,315,0
7.555032,-187.5336,199.9264,-264.8653,270,315,0
7.575032,-186.9615,199.9262,-265.0146,270,315,0
7.595032,-186.3895,199.9261,-265.1638,270,315,0
7.615032,-185.8174,199.926,-265.3131,270,315,0
7.635032,-185.2453,199.9258,-265.4624,270,315,0
7.655032,-184.6733,199.9257,-265.6116,270,315,0
7.675032,-184.1012,199.9256,-265.7609,270,315,0
7.695033,-183.5291,199.9254,-265.9102,270,315,0
7.715033,-182.9571,199.9253,-266.0594,270,315,0
7.735033,-182.385,199.9251,-266.2087,270,315,0
7.755033,-181.8129,199.925,-266.3579,270,315,0
7.775033,-181.2409,199.9249,-266.5072,270,315,0
7.795033,-180.6688,199.9247,-266.6565,270,315,0
7.815032,-180.0967,199.9246,-266.8057,270,315,0
7.835032,-179.5247,199.9245,-266.955,270,315,0
7.855032,-178.9526,199.9243,-267.1042,270,315,0
7.875032,-178.3805,199.9242,-267.2535,270,315,0
7.895032,-177.8085,199.924,-267.4028,270,315,0
7.915032,-177.2364,199.9239,-267.552,270,315,0
7.935032,-176.6643,199.9238,-267.7013,270,315,0
7.955032,-176.0923,199.9236,-267.8506,270,315,0
7.975032,-175.5202,199.9235,-267.9998,270,315,0
7.995032,-174.9481,199.9234,-268.1491,270,315,0
8.015033,-174.3761,199.9232,-268.2983,270,315,0
8.035032,-173.804,199.9231,-268.4476,270,315,0
8.055033,-173.2319,199.9229,-268.5969,270,315,0
8.075032,-172.6599,199.9228,-268.7461,270,315,0
8.095033,-172.0878,199.9227,-268.8954,270,315,0
8.115032,-171.5157,199.9225,-269.0446,270,315,0
8.135033,-170.9436,199.9224,-269.1939,270,315,0
8.155032,-170.3716,199.9223,-269.3432,270,315,0
8.175033,-169.7995,199.9221,-269.4924,270,315,0
8.195032,-169.2274,199.922,-269.6417,270,315,0
8.215033,-168.6554,199.9218,-269.791,270,315,0
8.235032,-168.0833,199.9217,-269.9402,270,315,0
8.255033,-167.5112,199.9216,-270.0895,270,315,0
8.275032,-166.9392,199.9214,-270.2387,270,315,0
8.295033,-166.3671,199.9213,-270.388,270,315,0
8.315032,-165.795,199.9212,-270.5373,270,315,0
8.335032,-165.223,199.921,-270.6865,270,315,0
8.355032,-164.6509,199.9209,-270.8358,270,315,0
8.375032,-164.0788,199.9207,-270.985,270,315,0
8.395032,-163.5068,199.9206,-271.1343,270,315,0
8.415032,-162.9347,199.9205,-271.2836,270,315,0
8.435032,-162.3626,199.9203,-271.4328,270,315,0
8.455032,-161.7906,199.9202,-271.5821,270,315,0
8.475033,-161.2185,199.9201,-271.7314,270,315,0
8.495032,-160.6464,199.92,-271.8806,270,315,0
8.515033,-160.0744,199.9198,-272.0299,270,315,0
8.535032,-159.5023,199.9197,-272.1791,270,315,0
8.555033,-158.9302,199.9196,-272.3284,270,315,0
8.575032,-158.3582,199.9195,-272.4777,270,315,0
8.595033,-157.7861,199.9194,-272.6269,270,315,0
8.615032,-157.214,199.9192,-272.7762,270,315,0
8.635033,-156.642,199.9191,-272.9254,270,315,0
8.655032,-156.0699,199.919,-273.0747,270,315,0
8.675033,-155.4978,199.9189,-273.224,270,315,0
8.695032,-154.9258,199.9187,-273.3732,270,315,0
8.715033,-154.3537,199.9186,-273.5225,270,315,0
8.735032,-153.7816,199.9185,-273.6718,270,315,0
8.755033,-153.2096,199.9184,-273.821,270,315,0
8.775032,-152.6375,199.9183,-273.9703,270,315,0
8.795033,-152.0654,199.9181,-274.1195,270,315,0
8.815032,-151.4934,199.918,-274.2688,270,315,0
8.835032,-150.9213,199.9179,-274.4181,270,315,0
8.855032,-150.3492,199.9178,-274.5673,270,315,0
8.875032,-149.7772,199.9176,-274.7166,270,315,0
8.895032,-149.2051,199.9175,-274.8658,270,315,0
8.915032,-148.633,199.9174,-275.0151,270,315,0
8.935032,-148.061,199.9173,-275.1644,270,315,0
8.955032,-147.4889,199.9172,-275.3136,270,315,0
8.975033,-146.9168,199.917,-275.4629,270,315,0
8.995032,-146.3448,199.9169,-275.6122,270,315,0
9.015033,-145.7727,199.9168,-275.7614,270,315,0
9.035032,-145.2006,199.9167,-275.9107,270,315,0
9.055033,-144.6286,199.9165,-276.0599,270,315,0
9.075032,-144.0565,199.9164,-276.2092,270,315,0
9.095033,-143.4844,199.9163,-276.3585,270,315,0
9.115032,-142.9124,199.9162,-276.5077,270,315,0
9.135033,-142.3403,199.9161,-276.657,270,315,0
9.155032,-141.7682,199.9159,-276.8062,270,315,0
9.175033,-141.1962,199.9158,-276.9555,270,315,0
9.195032,-140.6241,199.9157,-277.1048,270,315,0
9.215033,-140.052,199.9156,-277.254,270,315,0
9.235032,-139.4799,199.9155,-277.4033,270,315,0
9.255033,-138.9079,199.9153,-277.5526,270,315,0
9.275032,-138.3358,199.9152,-277.7018,270,315,0
9.295033,-137.7637,199.9151,-277.8511,270,315,0
9.315032,-137.1917,199.915,-278.0003,270,315,0
9.335032,-136.6196,199.9148,-278.1496,270,315,0
9.355032,-136.0475,199.9147,-278.2989,270,315,0
9.375032,-135.4755,199.9146,-278.4481,270,315,0
9.395032,-134.9034,199.9145,-278.5974,270,315,0
9.415032,-134.3313,199.9144,-278.7466,270,315,0
9.435032,-133.7593,199.9142,-278.8959,270,315,0
9.455032,-133.1872,199.9141,-279.0452,270,315,0
9.475032,-132.6151,199.914,-279.1944,270,315,0
9.495032,-132.0431,199.9139,-279.3437,270,315,0
9.515033,-131.471,199.9137,-279.493,270,315,0
9.535032,-130.8989,199.9136,-279.6422,270,315,0
9.555033,-130.3269,199.9135,-279.7915,270,315,0
9.575032,-129.7548,199.9134,-279.9407,270,315,0
9.595033,-129.1827,199.9133,-280.09,270,315,0
9.615032,-128.6107,199.9131,-280.2393,270,315,0
9.635033,-128.0386,199.913,-280.3885,270,315,0
9.655032,-127.4665,199.9129,-280.5378,270,315,0
9.675033,-126.8945,199.9128,-280.687,270,315,0
9.695032,-126.3224,199.9126,-280.8363,270,315,0
9.715033,-125.7503,199.9125,-280.9856,270,315,0
9.735032,-125.1782,199.9124,-281.1348,270,315,0
9.755033,-124.6062,199.9123,-281.2841,270,315,0
9.775032,-124.0341,199.9122,-281.4333,270,315,0
9.795033,-123.462,199.912,-281.5826,270,315,0
9.815032,-122.8899,199.9119,-281.7319,270,315,0
9.835032,-122.3179,199.9118,-281.8811,270,315,0
9.855032,-121.7458,199.9117,-282.0304,270,315,0
9.875032,-121.1737,199.9115,-282.1797,270,315,0
9.895032,-120.6016,199.9114,-282.3289,270,315,0
9.915032,-120.0296,199.9113,-282.4782,270,315,0
9.935032,-119.4575,199.9112,-282.6274,270,315,0
9.955032,-118.8854,199.9111,-282.7767,270,315,0
9.975032,-118.3133,199.9109,-282.926,270,315,0
9.995032,-117.7413,199.9108,-283.0752,270,315,0
10.01503,-117.1692,199.9107,-283.2245,270,315,0
10.03503,-116.5971,199.9106,-283.3737,270,315,0
10.05503,-116.025,199.9105,-283.523,270,315,0
10.07503,-115.453,199.9104,-283.6723,270,315,0
10.09503,-114.8809,199.9103,-283.8215,270,315,0
10.11503,-114.3088,199.9102,-283.9708,270,315,0
10.13503,-113.7367,199.9101,-284.1201,270,315,0
10.15503,-113.1647,199.91,-284.2693,270,315,0
10.17503,-112.5926,199.9099,-284.4186,270,315,0
10.19503,-112.0205,199.9098,-284.5678,270,315,0
10.21503,-111.4484,199.9097,-284.7171,270,315,0
10.23503,-110.8764,199.9095,-284.8664,270,315,0
10.25503,-110.3043,199.9094,-285.0156,270,315,0
10.27503,-109.7322,199.9093,-285.1649,270,315,0
10.29503,-109.1601,199.9092,-285.3141,270,315,0
10.31503,-108.5881,199.9091,-285.4634,270,315,0
10.33503,-108.016,199.909,-285.6127,270,315,0
10.35503,-107.4439,199.9089,-285.7619,270,315,0
10.37503,-106.8718,199.9088,-285.9112,270,315,0
10.39503,-106.2998,199.9087,-286.0605,270,315,0
10.41503,-105.7277,199.9086,-286.2097,270,315,0
10.43503,-105.1556,199.9085,-286.359,270,315,0
10.45503,-104.5835,199.9084,-286.5082,270,315,0
10.47503,-104.0115,199.9083,-286.6575,270,315,0
10.49503,-103.4394,199.9082,-286.8068,270,315,0
10.51503,-102.8673,199.9081,-286.956,270,315,0
10.53503,-102.2952,199.9079,-287.1053,270,315,0
10.55503,-101.7232,199.9078,-287.2545,270,315,0
10.57503,-101.1511,199.9077,-287.4038,270,315,0
10.59503,-100.579,199.9076,-287.5531,270,315,0
10.61503,-100.0069,199.9075,-287.7023,270,315,0
10.63503,-99.43486,199.9074,-287.8516,270,315,0
10.65503,-98.86279,199.9073,-288.0009,270,315,0
10.67503,-98.29071,199.9072,-288.1501,270,315,0
10.69503,-97.71864,199.9071,-288.2994,270,315,0
10.71503,-97.14656,199.907,-288.4486,270,315,0
10.73503,-96.57449,199.9069,-288.5979,270,315,0
10.75503,-96.00241,199.9068,-288.7472,270,315,0
10.77503,-95.43034,199.9067,-288.8964,270,315,0
10.79503,-94.85826,199.9066,-289.0457,270,315,0
10.81503,-94.28619,199.9064,-289.1949,270,315,0
10.83503,-93.71411,199.9063,-289.3442,270,315,0
10.85503,-93.14204,199.9062,-289.4935,270,315,0
10.87503,-92.56996,199.9061,-289.6427,270,315,0
10.89503,-91.99789,199.906,-289.792,270,315,0
10.91503,-91.42581,199.9059,-289.9413,270,315,0
10.93503,-90.85374,199.9058,-290.0905,270,315,0
10.95503,-90.28166,199.9057,-290.2398,270,315,0
10.97503,-89.70959,199.9056,-290.389,270,315,0
10.99503,-89.13751,199.9055,-290.5383,270,315,0
11.01503,-88.56544,199.9054,-290.6876,270,315,0
11.03503,-87.99336,199.9053,-290.8368,270,315,0
11.05503,-87.42129,199.9052,-290.9861,270,315,0
11.07503,-86.84921,199.9051,-291.1353,270,315,0
11.09503,-86.27714,199.905,-291.2846,270,315,0
11.11503,-85.70506,199.9048,-291.4339,270,315,0
11.13503,-85.13299,199.9047,-291.5831,270,315,0
11.15503,-84.56091,199.9046,-291.7324,270,315,0
11.17503,-83.98884,199.9045,-291.8817,270,315,0
11.19503,-83.41676,199.9044,-292.0309,270,315,0
11.21503,-82.84469,199.9043,-292.1802,270,315,0
11.23503,-82.27261,199.9042,-292.3294,270,315,0
11.25503,-81.70054,199.9041,-292.4787,270,315,0
11.27503,-81.12846,199.904,-292.628,270,315,0
11.29503,-80.55639,199.9039,-292.7772,270,315,0
11.31503,-79.98431,199.9038,-292.9265,270,315,0
11.33503,-79.41224,199.9037,-293.0757,270,315,0
11.35503,-78.84016,199.9036,-293.225,270,315,0
11.37503,-78.26809,199.9035,-293.3743,270,315,0
11.39503,-77.69601,199.9034,-293.5235,270,315,0
11.41503,-77.12394,199.9032,-293.6728,270,315,0
11.43503,-76.55186,199.9032,-293.8221,270,315,0
11.45503,-75.97979,199.9031,-293.9713,270,315,0
11.47503,-75.40771,199.903,-294.1206,270,315,0
11.49503,-74.83564,199.9029,-294.2698,270,315,0
11.51503,-74.26357,199.9028,-294.4191,270,315,0
11.53503,-73.69149,199.9027,-294.5684,270,315,0
11.55503,-73.11942,199.9026,-294.7176,270,315,0
11.57503,-72.54734,199.9025,-294.8669,270,315,0
11.59503,-71.97527,199.9024,-295.0161,270,315,0
11.61503,-71.40319,199.9023,-295.1654,270,315,0
11.63503,-70.83112,199.9022,-295.3147,270,315,0
11.65503,-70.25904,199.9021,-295.4639,270,315,0
11.67503,-69.68697,199.9021,-295.6132,270,315,0
11.69503,-69.11489,199.902,-295.7625,270,315,0
11.71503,-68.54282,199.9019,-295.9117,270,315,0
11.73503,-67.97074,199.9018,-296.061,270,315,0
11.75503,-67.39867,199.9017,-296.2102,270,315,0
11.77503,-66.82659,199.9016,-296.3595,270,315,0
11.79503,-66.25452,199.9015,-296.5088,270,315,0
11.81503,-65.68244,199.9014,-296.658,270,315,0
11.83503,-65.11037,199.9013,-296.8073,270,315,0
11.85503,-64.53829,199.9012,-296.9565,270,315,0
11.87503,-63.96622,199.9011,-297.1058,270,315,0
11.89503,-63.39414,199.901,-297.2551,270,315,0
11.91503,-62.82207,199.901,-297.4043,270,315,0
11.93503,-62.24999,199.9009,-297.5536,270,315,0
11.95503,-61.67792,199.9008,-297.7029,270,315,0
11.97503,-61.10584,199.9007,-297.8521,270,315,0
11.99503,-60.53377,199.9006,-298.0014,270,315,0
12.01503,-59.96169,199.9005,-298.1506,270,315,0
12.03503,-59.38962,199.9004,-298.2999,270,315,0
12.05503,-58.81754,199.9003,-298.4492,270,315,0
12.07503,-58.24547,199.9002,-298.5984,270,315,0
12.09503,-57.67339,199.9001,-298.7477,270,315,0
12.11503,-57.10132,199.9,-298.8969,270,315,0
12.13503,-56.52924,199.8999,-299.0462,270,315,0
12.15503,-55.95717,199.8999,-299.1955,270,315,0
12.17503,-55.3851,199.8998,-299.3447,270,315,0
12.19503,-54.81303,199.8997,-299.494,270,315,0
12.21503,-54.24095,199.8996,-299.6432,270,315,0
12.23503,-53.66888,199.8995,-299.7925,270,315,0
12.25503,-53.0968,199.8994,-299.9418,270,315,0
12.27503,-52.52473,199.8993,-300.091,270,315,0
12.29503,-51.95265,199.8992,-300.2403,270,315,0
12.31503,-51.38058,199.8991,-300.3896,270,315,0
12.33503,-50.8085,199.899,-300.5388,270,315,0
12.35503,-50.23643,199.8989,-300.6881,270,315,0
12.37503,-49.66436,199.8988,-300.8373,270,315,0
12.39503,-49.09229,199.8988,-300.9866,270,315,0
12.41503,-48.52021,199.8987,-301.1359,270,315,0
12.43503,-47.94814,199.8986,-301.2851,270,315,0
12.45503,-47.37607,199.8985,-301.4344,270,315,0
12.47503,-46.804,199.8984,-301.5836,270,315,0
12.49503,-46.23193,199.8983,-301.7329,270,315,0
12.51503,-45.65985,199.8982,-301.8822,270,315,0
12.53503,-45.08778,199.8981,-302.0314,270,315,0
12.55503,-44.51571,199.898,-302.1807,270,315,0
12.57503,-43.94364,199.8979,-302.33,270,315,0
12.59503,-43.37157,199.8978,-302.4792,270,315,0
12.61503,-42.7995,199.8978,-302.6285,270,315,0
12.63503,-42.22743,199.8977,-302.7777,270,315,0
12.65503,-41.65536,199.8976,-302.927,270,315,0
12.67503,-41.08329,199.8975,-303.0763,270,315,0
12.69503,-40.51122,199.8974,-303.2255,270,315,0
12.71503,-39.93914,199.8973,-303.3748,270,315,0
12.73503,-39.36707,199.8972,-303.524,270,315,0
12.75503,-38.795,199.8971,-303.6733,270,315,0
12.77503,-38.22293,199.897,-303.8226,270,315,0
12.79503,-37.65086,199.897,-303.9718,270,315,0
12.81503,-37.07879,199.8969,-304.1211,270,315,0
12.83503,-36.50672,199.8968,-304.2704,270,315,0
12.85503,-35.93465,199.8967,-304.4196,270,315,0
12.87503,-35.36257,199.8967,-304.5689,270,315,0
12.89503,-34.7905,199.8966,-304.7181,270,315,0
12.91503,-34.21843,199.8965,-304.8674,270,315,0
12.93503,-33.64635,199.8964,-305.0167,270,315,0
12.95503,-33.07428,199.8963,-305.1659,270,315,0
12.97503,-32.50221,199.8963,-305.3152,270,315,0
12.99503,-31.93014,199.8962,-305.4644,270,315,0
13.01503,-31.35807,199.8961,-305.6137,270,315,0
13.03503,-30.78599,199.896,-305.763,270,315,0
13.05503,-30.21392,199.896,-305.9122,270,315,0
13.07503,-29.64185,199.8959,-306.0615,270,315,0
13.09503,-29.06977,199.8958,-306.2108,270,315,0
13.11503,-28.4977,199.8957,-306.36,270,315,0
13.13503,-27.92563,199.8957,-306.5093,270,315,0
13.15503,-27.35356,199.8956,-306.6585,270,315,0
13.17503,-26.78148,199.8955,-306.8078,270,315,0
13.19503,-26.20941,199.8954,-306.9571,270,315,0
13.21503,-25.63734,199.8954,-307.1063,270,315,0
13.23503,-25.06526,199.8953,-307.2556,270,315,0
13.25503,-24.49319,199.8952,-307.4048,270,315,0
13.27503,-23.92112,199.8951,-307.5541,270,315,0
13.29503,-23.34904,199.8951,-307.7034,270,315,0
13.31503,-22.77697,199.895,-307.8526,270,315,0
13.33503,-22.2049,199.8949,-308.0019,270,315,0
13.35503,-21.63283,199.8948,-308.1512,270,315,0
13.37503,-21.06075,199.8947,-308.3004,270,315,0
13.39503,-20.48868,199.8947,-308.4497,270,315,0
13.41503,-19.91661,199.8946,-308.5989,270,315,0
13.43503,-19.34453,199.8945,-308.7482,270,315,0
13.45503,-18.77246,199.8944,-308.8975,270,315,0
13.47503,-18.20039,199.8944,-309.0467,270,315,0
13.49503,-17.62831,199.8943,-309.196,270,315,0
13.51503,-17.05624,199.8942,-309.3452,270,315,0
13.53503,-16.48417,199.8941,-309.4945,270,315,0
13.55503,-15.9121,199.8941,-309.6438,270,315,0
13.57503,-15.34002,199.894,-309.793,270,315,0
13.59503,-14.76795,199.8939,-309.9423,270,315,0
13.61503,-14.19588,199.8938,-310.0916,270,315,0
13.63503,-13.6238,199.8938,-310.2408,270,315,0
13.65503,-13.05173,199.8937,-310.3901,270,315,0
13.67503,-12.47966,199.8936,-310.5393,270,315,0
13.69503,-11.90759,199.8935,-310.6886,270,315,0
13.71503,-11.33551,199.8934,-310.8379,270,315,0
13.73503,-10.76344,199.8934,-310.9871,270,315,0
13.75503,-10.19137,199.8933,-311.1364,270,315,0
13.77503,-9.619293,199.8932,-311.2856,270,315,0
