0.01503253,310.4107,200,-171.8583,270,315,0
0.03503253,310.4107,200,-171.8583,270,315,0
0.05503253,309.6132,200.0195,-171.9569,270,315,0
0.07503253,309.1047,200.0058,-172.0194,270,315,0
0.09503253,308.4891,200.0135,-172.096,270,315,0
0.1150325,307.9131,200.0101,-172.1668,270,315,0
0.1350325,307.3224,200.0119,-172.2401,270,315,0
0.1550325,306.7372,200.0114,-172.3123,270,315,0
0.1750325,306.15,200.0119,-172.385,270,315,0
0.1950325,305.5635,200.012,-172.4575,270,315,0
0.2150325,304.9768,200.0122,-172.5301,270,315,0
0.2350325,304.3901,200.0124,-172.6026,270,315,0
0.2550325,303.8034,200.0126,-172.6751,270,315,0
0.2750325,303.2168,200.0128,-172.7477,270,315,0
0.2950325,302.6301,200.013,-172.8202,270,315,0
0.3150325,302.0434,200.0132,-172.8927,270,315,0
0.3350325,301.4568,200.0134,-172.9653,270,315,0
0.3550325,300.8701,200.0136,-173.0378,270,315,0
0.3750325,300.2834,200.0138,-173.1104,270,315,0
0.3950325,299.6967,200.014,-173.1829,270,315,0
0.4150325,299.1101,200.0142,-173.2554,270,315,0
0.4350325,298.5234,200.0144,-173.328,270,315,0
0.4550325,297.9367,200.0146,-173.4005,270,315,0
0.4750325,297.3501,200.0148,-173.4731,270,315,0
0.4950325,296.7634,200.015,-173.5456,270,315,0
0.5150325,296.1767,200.0152,-173.6181,270,315,0
0.5350325,295.5901,200.0154,-173.6907,270,315,0
0.5550325,295.0034,200.0156,-173.7632,270,315,0
0.5750325,294.4167,200.0158,-173.8358,270,315,0
0.5950325,293.83,200.016,-173.9083,270,315,0
0.6150325,293.2434,200.0161,-173.9809,270,315,0
0.6350325,292.6567,200.0163,-174.0534,270,315,0
0.6550325,292.07,200.0165,-174.1259,270,315,0
0.6750325,291.4834,200.0167,-174.1985,270,315,0
0.6950325,290.8967,200.0169,-174.271,270,315,0
0.7150325,290.31,200.0171,-174.3436,270,315,0
0.7350325,289.7234,200.0172,-174.4161,270,315,0
0.7550325,289.1367,200.0174,-174.4886,270,315,0
0.7750325,288.55,200.0176,-174.5612,270,315,0
0.7950325,287.9633,200.0178,-174.6337,270,315,0
0.8150325,287.3767,200.018,-174.7063,270,315,0
0.8350325,286.79,200.0182,-174.7788,270,315,0
0.8550325,286.2033,200.0183,-174.8513,270,315,0
0.8750325,285.6167,200.0185,-174.9239,270,315,0
0.8950325,285.03,200.0187,-174.9964,270,315,0
0.9150325,284.4433,200.0189,-175.069,270,315,0
0.9350325,283.8567,200.0191,-175.1415,270,315,0
0.9550325,283.27,200.0193,-175.214,270,315,0
0.9750325,282.6833,200.0194,-175.2866,270,315,0
0.9950325,282.0966,200.0196,-175.3591,270,315,0
1.015033,281.51,200.0198,-175.4317,270,315,0
1.035033,280.9233,200.02,-175.5042,270,315,0
1.055032,280.3366,200.0202,-175.5767,270,315,0
1.075032,279.75,200.0204,-175.6493,270,315,0
1.095032,279.1633,200.0205,-175.7218,270,315,0
1.115033,278.5766,200.0207,-175.7944,270,315,0
1.135033,277.99,200.0209,-175.8669,270,315,0
1.155033,277.4033,200.0211,-175.9394,270,315,0
1.175032,276.8166,200.0213,-176.012,270,315,0
1.195032,276.2299,200.0215,-176.0845,270,315,0
1.215032,275.6433,200.0216,-176.1571,270,315,0
1.235033,275.0566,200.0218,-176.2296,270,315,0
1.255033,274.4699,200.022,-176.3021,270,315,0
1.275033,273.8833,200.0222,-176.3747,270,315,0
1.295033,273.2966,200.0224,-176.4472,270,315,0
1.315032,272.7099,200.0226,-176.5198,270,315,0
1.335032,272.1233,200.0227,-176.5923,270,315,0
1.355032,271.5366,200.0229,-176.6648,270,315,0
1.375033,270.9499,200.0231,-176.7374,270,315,0
1.395033,270.3633,200.0233,-176.8099,270,315,0
1.415033,269.7766,200.0235,-176.8825,270,315,0
1.435032,269.1899,200.0237,-176.955,270,315,0
1.455032,268.6032,200.0238,-177.0275,270,315,0
1.475032,268.0166,200.024,-177.1001,270,315,0
1.495033,267.4299,200.0242,-177.1726,270,315,0
1.515033,266.8432,200.0244,-177.2452,270,315,0
1.535033,266.2566,200.0246,-177.3177,270,315,0
1.555032,265.6699,200.0247,-177.3902,270,315,0
1.575032,265.0832,200.0249,-177.4628,270,315,0
1.595032,264.4966,200.0251,-177.5353,270,315,0
1.615033,263.9099,200.0253,-177.6079,270,315,0
1.635033,263.3232,200.0255,-177.6804,270,315,0
1.655033,262.7365,200.0257,-177.7529,270,315,0
1.675032,262.1499,200.0258,-177.8255,270,315,0
1.695032,261.5632,200.026,-177.898,270,315,0
1.715032,260.9765,200.0262,-177.9706,270,315,0
1.735032,260.3899,200.0264,-178.0431,270,315,0
1.755033,259.8032,200.0265,-178.1156,270,315,0
1.775033,259.2165,200.0267,-178.1882,270,315,0
1.795033,258.6299,200.0269,-178.2607,270,315,0
1.815032,258.0432,200.027,-178.3333,270,315,0
1.835032,257.4565,200.0272,-178.4058,270,315,0
1.855032,256.8698,200.0274,-178.4783,270,315,0
1.875033,256.2832,200.0275,-178.5509,270,315,0
1.895033,255.6965,200.0277,-178.6234,270,315,0
1.915033,255.1098,200.0279,-178.696,270,315,0
1.935032,254.5231,200.028,-178.7685,270,315,0
1.955032,253.9364,200.0282,-178.841,270,315,0
1.975032,253.3497,200.0284,-178.9136,270,315,0
1.995032,252.7631,200.0285,-178.9861,270,315,0
2.015033,252.1764,200.0287,-179.0587,270,315,0
2.035033,251.5897,200.0289,-179.1312,270,315,0
2.055032,251.003,200.0291,-179.2038,270,315,0
2.075032,250.4163,200.0292,-179.2763,270,315,0
2.095032,249.8296,200.0294,-179.3488,270,315,0
2.115032,249.243,200.0296,-179.4214,270,315,0
2.135032,248.6563,200.0297,-179.4939,270,315,0
2.155032,248.0696,200.0299,-179.5665,270,315,0
2.175032,247.4829,200.0301,-179.639,270,315,0
2.195033,246.8962,200.0302,-179.7115,270,315,0
2.215033,246.3095,200.0304,-179.7841,270,315,0
2.235033,245.7228,200.0306,-179.8566,270,315,0
2.255033,245.1362,200.0307,-179.9292,270,315,0
2.275033,244.5495,200.0309,-180.0017,270,315,0
2.295033,243.9628,200.0311,-180.0742,270,315,0
2.315032,243.3761,200.0312,-180.1468,270,315,0
2.335032,242.7894,200.0314,-180.2193,270,315,0
2.355032,242.2027,200.0316,-180.2919,270,315,0
2.375032,241.616,200.0317,-180.3644,270,315,0
2.395032,241.0294,200.0319,-180.4369,270,315,0
2.415032,240.4427,200.0321,-180.5095,270,315,0
2.435032,239.856,200.0322,-180.582,270,315,0
2.455033,239.2693,200.0324,-180.6546,270,315,0
2.475033,238.6826,200.0326,-180.7271,270,315,0
2.495033,238.0959,200.0327,-180.7996,270,315,0
2.515033,237.5092,200.0329,-180.8722,270,315,0
2.535033,236.9226,200.0331,-180.9447,270,315,0
2.555032,236.3359,200.0332,-181.0173,270,315,0
2.575032,235.7492,200.0334,-181.0898,270,315,0
2.595032,235.1625,200.0336,-181.1623,270,315,0
2.615032,234.5758,200.0338,-181.2349,270,315,0
2.635032,233.9891,200.0339,-181.3074,270,315,0
2.655032,233.4025,200.0341,-181.38,270,315,0
2.675032,232.8158,200.0343,-181.4525,270,315,0
2.695032,232.2291,200.0344,-181.525,270,315,0
2.715033,231.6424,200.0346,-181.5976,270,315,0
2.735033,231.0557,200.0347,-181.6701,270,315,0
2.755033,230.469,200.0349,-181.7427,270,315,0
2.775033,229.8823,200.035,-181.8152,270,315,0
2.795033,229.2957,200.0352,-181.8877,270,315,0
2.815032,228.709,200.0354,-181.9603,270,315,0
2.835032,228.1223,200.0355,-182.0328,270,315,0
2.855032,227.5356,200.0357,-182.1054,270,315,0
2.875032,226.9489,200.0358,-182.1779,270,315,0
2.895032,226.3622,200.036,-182.2504,270,315,0
2.915032,225.7755,200.0361,-182.323,270,315,0
2.935032,225.1889,200.0363,-182.3955,270,315,0
2.955032,224.6022,200.0364,-182.4681,270,315,0
2.975033,224.0155,200.0366,-182.5406,270,315,0
2.995033,223.4288,200.0367,-182.6131,270,315,0
3.015033,222.8421,200.0369,-182.6857,270,315,0
3.035033,222.2554,200.037,-182.7582,270,315,0
3.055032,221.6687,200.0372,-182.8308,270,315,0
3.075032,221.0821,200.0373,-182.9033,270,315,0
3.095032,220.4954,200.0375,-182.9758,270,315,0
3.115032,219.9087,200.0376,-183.0484,270,315,0
3.135032,219.322,200.0378,-183.1209,270,315,0
3.155032,218.7353,200.0379,-183.1935,270,315,0
3.175032,218.1486,200.0381,-183.266,270,315,0
3.195032,217.562,200.0383,-183.3385,270,315,0
3.215033,216.9753,200.0384,-183.4111,270,315,0
3.235033,216.3886,200.0386,-183.4836,270,315,0
3.255033,215.8019,200.0387,-183.5562,270,315,0
3.275033,215.2152,200.0389,-183.6287,270,315,0
3.295033,214.6285,200.039,-183.7012,270,315,0
3.315032,214.0418,200.0392,-183.7738,270,315,0
3.335032,213.4552,200.0393,-183.8463,270,315,0
3.355032,212.8685,200.0395,-183.9189,270,315,0
3.375032,212.2818,200.0396,-183.9914,270,315,0
3.395032,211.6951,200.0398,-184.0639,270,315,0
3.415032,211.1084,200.0399,-184.1365,270,315,0
3.435032,210.5217,200.0401,-184.209,270,315,0
3.455032,209.935,200.0402,-184.2816,270,315,0
3.475033,209.3484,200.0404,-184.3541,270,315,0
3.495033,208.7617,200.0405,-184.4267,270,315,0
3.515033,208.175,200.0407,-184.4992,270,315,0
3.535033,207.5883,200.0408,-184.5717,270,315,0
3.555032,207.0016,200.041,-184.6443,270,315,0
3.575032,206.4149,200.0412,-184.7168,270,315,0
3.595032,205.8282,200.0413,-184.7894,270,315,0
3.615032,205.2416,200.0415,-184.8619,270,315,0
3.635032,204.6549,200.0416,-184.9344,270,315,0
3.655032,204.0682,200.0418,-185.007,270,315,0
3.675032,203.4815,200.0419,-185.0795,270,315,0
3.695032,202.8948,200.042,-185.1521,270,315,0
3.715032,202.3081,200.0422,-185.2246,270,315,0
3.735033,201.7215,200.0423,-185.2971,270,315,0
3.755033,201.1348,200.0424,-185.3697,270,315,0
3.775033,200.5481,200.0426,-185.4422,270,315,0
3.795033,199.9614,200.0427,-185.5148,270,315,0
3.815032,199.3747,200.0429,-185.5873,270,315,0
3.835032,198.788,200.043,-185.6598,270,315,0
3.855032,198.2013,200.0431,-185.7324,270,315,0
3.875032,197.6147,200.0433,-185.8049,270,315,0
3.895032,197.028,200.0434,-185.8775,270,315,0
3.915032,196.4413,200.0435,-185.95,270,315,0
3.935032,195.8546,200.0437,-186.0225,270,315,0
3.955032,195.2679,200.0438,-186.0951,270,315,0
3.975032,194.6812,200.044,-186.1676,270,315,0
3.995033,194.0945,200.0441,-186.2402,270,315,0
4.015032,193.5079,200.0442,-186.3127,270,315,0
4.035032,192.9212,200.0444,-186.3852,270,315,0
4.055032,192.3345,200.0445,-186.4578,270,315,0
4.075032,191.7478,200.0446,-186.5303,270,315,0
4.095032,191.1611,200.0448,-186.6029,270,315,0
4.115033,190.5744,200.0449,-186.6754,270,315,0
4.135033,189.9877,200.0451,-186.7479,270,315,0
4.155033,189.4011,200.0452,-186.8205,270,315,0
4.175033,188.8144,200.0453,-186.893,270,315,0
4.195033,188.2277,200.0455,-186.9656,270,315,0
4.215033,187.641,200.0456,-187.0381,270,315,0
4.235033,187.0543,200.0457,-187.1106,270,315,0
4.255033,186.4676,200.0459,-187.1832,270,315,0
4.275033,185.881,200.046,-187.2557,270,315,0
4.295033,185.2943,200.0462,-187.3283,270,315,0
4.315032,184.7076,200.0463,-187.4008,270,315,0
4.335032,184.1209,200.0464,-187.4733,270,315,0
4.355032,183.5342,200.0466,-187.5459,270,315,0
4.375032,182.9475,200.0467,-187.6184,270,315,0
4.395032,182.3608,200.0468,-187.691,270,315,0
4.415032,181.7742,200.047,-187.7635,270,315,0
4.435032,181.1875,200.0471,-187.836,270,315,0
4.455032,180.6008,200.0473,-187.9086,270,315,0
4.475032,180.0141,200.0474,-187.9811,270,315,0
4.495032,179.4274,200.0475,-188.0537,270,315,0
4.515032,178.8407,200.0477,-188.1262,270,315,0
4.535032,178.254,200.0478,-188.1987,270,315,0
4.555032,177.6674,200.0479,-188.2713,270,315,0
4.575032,177.0807,200.048,-188.3438,270,315,0
4.595032,176.494,200.0482,-188.4164,270,315,0
4.615032,175.9073,200.0483,-188.4889,270,315,0
4.635033,175.3206,200.0484,-188.5614,270,315,0
4.655033,174.7339,200.0485,-188.634,270,315,0
4.675033,174.1472,200.0487,-188.7065,270,315,0
4.695033,173.5606,200.0488,-188.7791,270,315,0
4.715033,172.9739,200.0489,-188.8516,270,315,0
4.735033,172.3872,200.049,-188.9241,270,315,0
4.755033,171.8005,200.0491,-188.9967,270,315,0
4.775033,171.2138,200.0493,-189.0692,270,315,0
4.795033,170.6271,200.0494,-189.1418,270,315,0
4.815032,170.0405,200.0495,-189.2143,270,315,0
4.835032,169.4538,200.0496,-189.2868,270,315,0
4.855032,168.8671,200.0498,-189.3594,270,315,0
4.875032,168.2804,200.0499,-189.4319,270,315,0
4.895032,167.6937,200.05,-189.5045,270,315,0
4.915032,167.107,200.0501,-189.577,270,315,0
4.935032,166.5203,200.0502,-189.6496,270,315,0
4.955032,165.9337,200.0504,-189.7221,270,315,0
4.975032,165.347,200.0505,-189.7946,270,315,0
4.995032,164.7603,200.0506,-189.8672,270,315,0
5.015032,164.1736,200.0507,-189.9397,270,315,0
5.035032,163.5869,200.0509,-190.0123,270,315,0
5.055032,163.0002,200.051,-190.0848,270,315,0
5.075032,162.4135,200.0511,-190.1573,270,315,0
5.095032,161.8269,200.0512,-190.2299,270,315,0
5.115032,161.2402,200.0513,-190.3024,270,315,0
5.135033,160.6535,200.0515,-190.375,270,315,0
5.155033,160.0668,200.0516,-190.4475,270,315,0
5.175033,159.4801,200.0517,-190.52,270,315,0
5.195033,158.8934,200.0518,-190.5926,270,315,0
5.215033,158.3067,200.052,-190.6651,270,315,0
5.235033,157.7201,200.0521,-190.7377,270,315,0
5.255033,157.1334,200.0522,-190.8102,270,315,0
5.275033,156.5467,200.0523,-190.8827,270,315,0
5.295033,155.96,200.0524,-190.9553,270,315,0
5.315032,155.3733,200.0526,-191.0278,270,315,0
5.335032,154.7866,200.0527,-191.1004,270,315,0
5.355032,154.2,200.0528,-191.1729,270,315,0
5.375032,153.6133,200.0529,-191.2454,270,315,0
5.395032,153.0266,200.053,-191.318,270,315,0
5.415032,152.4399,200.0531,-191.3905,270,315,0
5.435032,151.8532,200.0532,-191.4631,270,315,0
5.455032,151.2665,200.0533,-191.5356,270,315,0
5.475032,150.6798,200.0534,-191.6081,270,315,0
5.495032,150.0932,200.0535,-191.6807,270,315,0
5.515032,149.5065,200.0536,-191.7532,270,315,0
5.535032,148.9198,200.0538,-191.8258,270,315,0
5.555032,148.3331,200.0539,-191.8983,270,315,0
5.575032,147.7464,200.054,-191.9708,270,315,0
5.595032,147.1597,200.0541,-192.0434,270,315,0
5.615032,146.573,200.0542,-192.1159,270,315,0
5.635032,145.9864,200.0543,-192.1885,270,315,0
5.655033,145.3997,200.0544,-192.261,270,315,0
5.675033,144.813,200.0545,-192.3335,270,315,0
5.695033,144.2263,200.0546,-192.4061,270,315,0
5.715033,143.6396,200.0547,-192.4786,270,315,0
5.735033,143.0529,200.0548,-192.5512,270,315,0
5.755033,142.4662,200.0549,-192.6237,270,315,0
5.775033,141.8796,200.055,-192.6962,270,315,0
5.795033,141.2929,200.0551,-192.7688,270,315,0
5.815032,140.7062,200.0553,-192.8413,270,315,0
5.835032,140.1195,200.0554,-192.9139,270,315,0
5.855032,139.5328,200.0555,-192.9864,270,315,0
5.875032,138.9461,200.0556,-193.0589,270,315,0
5.895032,138.3595,200.0557,-193.1315,270,315,0
5.915032,137.7728,200.0558,-193.204,270,315,0
5.935032,137.1861,200.0559,-193.2766,270,315,0
5.955032,136.5994,200.056,-193.3491,270,315,0
5.975032,136.0127,200.0561,-193.4216,270,315,0
5.995032,135.426,200.0562,-193.4942,270,315,0
6.015032,134.8393,200.0563,-193.5667,270,315,0
6.035032,134.2527,200.0564,-193.6393,270,315,0
6.055032,133.666,200.0565,-193.7118,270,315,0
6.075032,133.0793,200.0566,-193.7843,270,315,0
6.095032,132.4926,200.0567,-193.8569,270,315,0
6.115032,131.9059,200.0569,-193.9294,270,315,0
6.135032,131.3192,200.0569,-194.002,270,315,0
6.155032,130.7325,200.057,-194.0745,270,315,0
6.175033,130.1459,200.0571,-194.147,270,315,0
6.195033,129.5592,200.0572,-194.2196,270,315,0
6.215033,128.9725,200.0573,-194.2921,270,315,0
6.235033,128.3858,200.0574,-194.3647,270,315,0
6.255033,127.7991,200.0575,-194.4372,270,315,0
6.275033,127.2124,200.0576,-194.5098,270,315,0
6.295033,126.6258,200.0577,-194.5823,270,315,0
6.315032,126.0391,200.0578,-194.6548,270,315,0
6.335032,125.4524,200.0579,-194.7274,270,315,0
6.355032,124.8657,200.058,-194.7999,270,315,0
6.375032,124.2791,200.058,-194.8725,270,315,0
6.395032,123.6924,200.0581,-194.945,270,315,0
6.415032,123.1057,200.0582,-195.0175,270,315,0
6.435032,122.519,200.0583,-195.0901,270,315,0
6.455032,121.9324,200.0584,-195.1626,270,315,0
6.475032,121.3457,200.0585,-195.2352,270,315,0
6.495032,120.759,200.0586,-195.3077,270,315,0
6.515032,120.1723,200.0587,-195.3802,270,315,0
6.535032,119.5856,200.0588,-195.4528,270,315,0
6.555032,118.999,200.0589,-195.5253,270,315,0
6.575032,118.4123,200.059,-195.5979,270,315,0
6.595032,117.8256,200.0591,-195.6704,270,315,0
6.615032,117.2389,200.0591,-195.7429,270,315,0
6.635032,116.6523,200.0592,-195.8155,270,315,0
6.655032,116.0656,200.0593,-195.888,270,315,0
6.675033,115.4789,200.0594,-195.9606,270,315,0
6.695033,114.8922,200.0595,-196.0331,270,315,0
6.715033,114.3055,200.0596,-196.1056,270,315,0
6.735033,113.7189,200.0597,-196.1782,270,315,0
6.755033,113.1322,200.0598,-196.2507,270,315,0
6.775033,112.5455,200.0599,-196.3233,270,315,0
6.795033,111.9588,200.06,-196.3958,270,315,0
6.815032,111.3722,200.0601,-196.4683,270,315,0
6.835032,110.7855,200.0601,-196.5409,270,315,0
6.855032,110.1988,200.0602,-196.6134,270,315,0
6.875032,109.6121,200.0603,-196.686,270,315,0
6.895032,109.0254,200.0604,-196.7585,270,315,0
6.915032,108.4388,200.0604,-196.831,270,315,0
6.935032,107.8521,200.0605,-196.9036,270,315,0
6.955032,107.2654,200.0606,-196.9761,270,315,0
6.975032,106.6787,200.0607,-197.0487,270,315,0
6.995032,106.0921,200.0607,-197.1212,270,315,0
7.015032,105.5054,200.0608,-197.1937,270,315,0
7.035032,104.9187,200.0609,-197.2663,270,315,0
7.055032,104.332,200.061,-197.3388,270,315,0
7.075032,103.7453,200.0611,-197.4114,270,315,0
7.095032,103.1587,200.0611,-197.4839,270,315,0
7.115032,102.572,200.0612,-197.5564,270,315,0
7.135032,101.9853,200.0613,-197.629,270,315,0
7.155032,101.3986,200.0614,-197.7015,270,315,0
7.175032,100.812,200.0614,-197.7741,270,315,0
7.195033,100.2253,200.0615,-197.8466,270,315,0
7.215033,99.6386,200.0616,-197.9191,270,315,0
7.235033,99.05193,200.0617,-197.9917,270,315,0
7.255033,98.46525,200.0617,-198.0642,270,315,0
7.275033,97.87857,200.0618,-198.1368,270,315,0
7.295033,97.29189,200.0619,-198.2093,270,315,0
7.315032,96.70522,200.062,-198.2818,270,315,0
7.335032,96.11854,200.062,-198.3544,270,315,0
7.355032,95.53186,200.0621,-198.4269,270,315,0
7.375032,94.94518,200.0622,-198.4995,270,315,0
7.395032,94.35851,200.0623,-198.572,270,315,0
7.415032,93.77183,200.0623,-198.6445,270,315,0
7.435032,93.18515,200.0624,-198.7171,270,315,0
7.455032,92.59847,200.0625,-198.7896,270,315,0
7.475032,92.0118,200.0626,-198.8622,270,315,0
7.495032,91.42512,200.0626,-198.9347,270,315,0
7.515032,90.83844,200.0627,-199.0072,270,315,0
7.535032,90.25176,200.0628,-199.0798,270,315,0
7.555032,89.66508,200.0628,-199.1523,270,315,0
7.575032,89.07841,200.0629,-199.2249,270,315,0
7.595032,88.49173,200.0629,-199.2974,270,315,0
7.615032,87.90505,200.063,-199.3699,270,315,0
7.635032,87.31837,200.0631,-199.4425,270,315,0
7.655032,86.7317,200.0631,-199.515,270,315,0
7.675032,86.14502,200.0632,-199.5876,270,315,0
7.695033,85.55834,200.0632,-199.6601,270,315,0
7.715033,84.97166,200.0633,-199.7327,270,315,0
7.735033,84.38499,200.0634,-199.8052,270,315,0
7.755033,83.79831,200.0634,-199.8777,270,315,0
7.775033,83.21163,200.0635,-199.9503,270,315,0
7.795033,82.62495,200.0636,-200.0228,270,315,0
7.815032,82.03828,200.0636,-200.0954,270,315,0
7.835032,81.4516,200.0637,-200.1679,270,315,0
7.855032,80.86492,200.0637,-200.2404,270,315,0
7.875032,80.27824,200.0638,-200.313,270,315,0
7.895032,79.69157,200.0639,-200.3855,270,315,0
7.915032,79.10489,200.0639,-200.4581,270,315,0
7.935032,78.51821,200.064,-200.5306,270,315,0
7.955032,77.93153,200.064,-200.6031,270,315,0
7.975032,77.34486,200.0641,-200.6757,270,315,0
7.995032,76.75818,200.0642,-200.7482,270,315,0
8.015033,76.1715,200.0642,-200.8208,270,315,0
8.035032,75.58482,200.0643,-200.8933,270,315,0
8.055033,74.99815,200.0643,-200.9658,270,315,0
8.075032,74.41147,200.0644,-201.0384,270,315,0
8.095033,73.82479,200.0645,-201.1109,270,315,0
8.115032,73.23811,200.0645,-201.1835,270,315,0
8.135033,72.65144,200.0645,-201.256,270,315,0
8.155032,72.06476,200.0646,-201.3285,270,315,0
8.175033,71.47808,200.0646,-201.4011,270,315,0
8.195032,70.8914,200.0647,-201.4736,270,315,0
8.215033,70.30473,200.0647,-201.5462,270,315,0
8.235032,69.71805,200.0648,-201.6187,270,315,0
8.255033,69.13137,200.0648,-201.6912,270,315,0
8.275032,68.54469,200.0649,-201.7638,270,315,0
8.295033,67.95802,200.0649,-201.8363,270,315,0
8.315032,67.37134,200.065,-201.9089,270,315,0
8.335032,66.78466,200.065,-201.9814,270,315,0
8.355032,66.19798,200.065,-202.0539,270,315,0
8.375032,65.61131,200.0651,-202.1265,270,315,0
8.395032,65.02463,200.0651,-202.199,270,315,0
8.415032,64.43795,200.0652,-202.2716,270,315,0
8.435032,63.85127,200.0652,-202.3441,270,315,0
8.455032,63.2646,200.0653,-202.4166,270,315,0
8.475033,62.67792,200.0653,-202.4892,270,315,0
8.495032,62.09124,200.0654,-202.5617,270,315,0
8.515033,61.50456,200.0654,-202.6343,270,315,0
8.535032,60.91788,200.0655,-202.7068,270,315,0
8.555033,60.33121,200.0655,-202.7793,270,315,0
8.575032,59.74453,200.0656,-202.8519,270,315,0
8.595033,59.15785,200.0656,-202.9244,270,315,0
8.615032,58.57117,200.0656,-202.997,270,315,0
8.635033,57.9845,200.0657,-203.0695,270,315,0
8.655032,57.39782,200.0657,-203.142,270,315,0
8.675033,56.81114,200.0658,-203.2146,270,315,0
8.695032,56.22446,200.0658,-203.2871,270,315,0
8.715033,55.63779,200.0658,-203.3597,270,315,0
8.735032,55.05111,200.0659,-203.4322,270,315,0
8.755033,54.46443,200.0659,-203.5047,270,315,0
8.775032,53.87775,200.0659,-203.5773,270,315,0
8.795033,53.29108,200.0659,-203.6498,270,315,0
8.815032,52.7044,200.066,-203.7224,270,315,0
8.835032,52.11772,200.066,-203.7949,270,315,0
8.855032,51.53104,200.066,-203.8674,270,315,0
8.875032,50.94437,200.0661,-203.94,270,315,0
8.895032,50.35769,200.0661,-204.0125,270,315,0
8.915032,49.77101,200.0661,-204.0851,270,315,0
8.935032,49.18433,200.0662,-204.1576,270,315,0
8.955032,48.59766,200.0662,-204.2301,270,315,0
8.975033,48.01098,200.0662,-204.3027,270,315,0
8.995032,47.4243,200.0663,-204.3752,270,315,0
9.015033,46.83762,200.0663,-204.4478,270,315,0
9.035032,46.25095,200.0663,-204.5203,270,315,0
9.055033,45.66427,200.0663,-204.5928,270,315,0
9.075032,45.07759,200.0664,-204.6654,270,315,0
9.095033,44.49091,200.0664,-204.7379,270,315,0
9.115032,43.90424,200.0664,-204.8105,270,315,0
9.135033,43.31756,200.0665,-204.883,270,315,0
9.155032,42.73088,200.0665,-204.9556,270,315,0
9.175033,42.1442,200.0665,-205.0281,270,315,0
9.195032,41.55753,200.0665,-205.1006,270,315,0
9.215033,40.97085,200.0666,-205.1732,270,315,0
9.235032,40.38417,200.0666,-205.2457,270,315,0
9.255033,39.79749,200.0666,-205.3183,270,315,0
9.275032,39.21082,200.0666,-205.3908,270,315,0
9.295033,38.62414,200.0666,-205.4633,270,315,0
9.315032,38.03746,200.0666,-205.5359,270,315,0
9.335032,37.45078,200.0667,-205.6084,270,315,0
9.355032,36.86411,200.0667,-205.681,270,315,0
9.375032,36.27743,200.0667,-205.7535,270,315,0
9.395032,35.69075,200.0667,-205.826,270,315,0
9.415032,35.10407,200.0667,-205.8986,270,315,0
9.435032,34.5174,200.0667,-205.9711,270,315,0
9.455032,33.93072,200.0667,-206.0437,270,315,0
9.475032,33.34404,200.0668,-206.1162,270,315,0
9.495032,32.75736,200.0668,-206.1887,270,315,0
9.515033,32.17068,200.0668,-206.2613,270,315,0
9.535032,31.58401,200.0668,-206.3338,270,315,0
9.555033,30.99733,200.0668,-206.4064,270,315,0
9.575032,30.41065,200.0668,-206.4789,270,315,0
9.595033,29.82397,200.0668,-206.5514,270,315,0
9.615032,29.2373,200.0669,-206.624,270,315,0
9.635033,28.65062,200.0669,-206.6965,270,315,0
9.655032,28.06394,200.0669,-206.7691,270,315,0
9.675033,27.47726,200.0669,-206.8416,270,315,0
9.695032,26.89059,200.0669,-206.9141,270,315,0
9.715033,26.30391,200.0669,-206.9867,270,315,0
9.735032,25.71723,200.0669,-207.0592,270,315,0
9.755033,25.13055,200.0669,-207.1318,270,315,0
9.775032,24.54388,200.0669,-207.2043,270,315,0
9.795033,23.9572,200.0669,-207.2768,270,315,0
9.815032,23.37052,200.0669,-207.3494,270,315,0
9.835032,22.78384,200.0669,-207.4219,270,315,0
9.855032,22.19717,200.0669,-207.4945,270,315,0
9.875032,21.61049,200.0669,-207.567,270,315,0
9.895032,21.02381,200.0669,-207.6395,270,315,0
9.915032,20.43713,200.0669,-207.7121,270,315,0
9.935032,19.85046,200.0669,-207.7846,270,315,0
9.955032,19.26378,200.0669,-207.8572,270,315,0
9.975032,18.6771,200.0669,-207.9297,270,315,0
9.995032,18.09042,200.0669,-208.0022,270,315,0
10.01503,17.50375,200.0669,-208.0748,270,315,0
10.03503,16.91707,200.0669,-208.1473,270,315,0
10.05503,16.33039,200.0669,-208.2199,270,315,0
10.07503,15.74371,200.0669,-208.2924,270,315,0
10.09503,15.15703,200.0669,-208.3649,270,315,0
10.11503,14.57036,200.0669,-208.4375,270,315,0
10.13503,13.98368,200.0669,-208.51,270,315,0
10.15503,13.397,200.0669,-208.5826,270,315,0
10.17503,12.81032,200.0669,-208.6551,270,315,0
10.19503,12.22364,200.0669,-208.7276,270,315,0
10.21503,11.63696,200.0668,-208.8002,270,315,0
10.23503,11.05029,200.0668,-208.8727,270,315,0
10.25503,10.46361,200.0668,-208.9453,270,315,0
10.27503,9.876929,200.0668,-209.0178,270,315,0
10.29503,9.290251,200.0668,-209.0903,270,315,0
10.31503,8.703572,200.0668,-209.1629,270,315,0
10.33503,8.116894,200.0668,-209.2354,270,315,0
10.35503,7.530216,200.0667,-209.308,270,315,0
10.37503,6.943538,200.0667,-209.3805,270,315,0
10.39503,6.35686,200.0667,-209.453,270,315,0
10.41503,5.770182,200.0667,-209.5256,270,315,0
10.43503,5.183504,200.0667,-209.5981,270,315,0
10.45503,4.596826,200.0667,-209.6707,270,315,0
10.47503,4.010148,200.0667,-209.7432,270,315,0
10.49503,3.42347,200.0666,-209.8158,270,315,0
10.51503,2.836792,200.0666,-209.8883,270,315,0
10.53503,2.250113,200.0666,-209.9608,270,315,0
10.55503,1.663435,200.0666,-210.0334,270,315,0
10.57503,1.076757,200.0666,-210.1059,270,315,0
10.59503,0.4900793,200.0665,-210.1785,270,315,0
10.61503,-0.09659874,200.0665,-210.251,270,315,0
10.63503,-0.6832768,200.0665,-210.3235,270,315,0
10.65503,-1.269955,200.0664,-210.3961,270,315,0
10.67503,-1.856633,200.0664,-210.4686,270,315,0
10.69503,-2.443311,200.0664,-210.5412,270,315,0
10.71503,-3.029989,200.0663,-210.6137,270,315,0
10.73503,-3.616667,200.0663,-210.6862,270,315,0
10.75503,-4.203345,200.0663,-210.7588,270,315,0
10.77503,-4.790023,200.0663,-210.8313,270,315,0
10.79503,-5.376701,200.0662,-210.9039,270,315,0
10.81503,-5.963379,200.0662,-210.9764,270,315,0
10.83503,-6.550057,200.0662,-211.0489,270,315,0
10.85503,-7.136735,200.0661,-211.1215,270,315,0
10.87503,-7.723413,200.0661,-211.194,270,315,0
10.89503,-8.310091,200.0661,-211.2666,270,315,0
10.91503,-8.89677,200.066,-211.3391,270,315,0
10.93503,-9.483448,200.066,-211.4116,270,315,0
10.95503,-10.07013,200.066,-211.4842,270,315,0
10.97503,-10.6568,200.0659,-211.5567,270,315,0
10.99503,-11.24348,200.0659,-211.6293,270,315,0
11.01503,-11.83016,200.0658,-211.7018,270,315,0
11.03503,-12.41684,200.0658,-211.7743,270,315,0
11.05503,-13.00352,200.0658,-211.8469,270,315,0
11.07503,-13.5902,200.0657,-211.9194,270,315,0
11.09503,-14.17687,200.0657,-211.992,270,315,0
11.11503,-14.76355,200.0656,-212.0645,270,315,0
11.13503,-15.35023,200.0656,-212.137,270,315,0
11.15503,-15.93691,200.0655,-212.2096,270,315,0
11.17503,-16.52359,200.0655,-212.2821,270,315,0
11.19503,-17.11026,200.0654,-212.3547,270,315,0
11.21503,-17.69694,200.0654,-212.4272,270,315,0
11.23503,-18.28362,200.0653,-212.4997,270,315,0
11.25503,-18.8703,200.0653,-212.5723,270,315,0
11.27503,-19.45697,200.0652,-212.6448,270,315,0
11.29503,-20.04365,200.0652,-212.7174,270,315,0
11.31503,-20.63033,200.0652,-212.7899,270,315,0
11.33503,-21.21701,200.0651,-212.8624,270,315,0
11.35503,-21.80368,200.065,-212.935,270,315,0
11.37503,-22.39036,200.065,-213.0075,270,315,0
11.39503,-22.97704,200.0649,-213.0801,270,315,0
11.41503,-23.56372,200.0648,-213.1526,270,315,0
11.43503,-24.15039,200.0648,-213.2251,270,315,0
11.45503,-24.73707,200.0647,-213.2977,270,315,0
11.47503,-25.32375,200.0647,-213.3702,270,315,0
11.49503,-25.91043,200.0646,-213.4428,270,315,0
11.51503,-26.4971,200.0645,-213.5153,270,315,0
11.53503,-27.08378,200.0645,-213.5878,270,315,0
11.55503,-27.67046,200.0644,-213.6604,270,315,0
11.57503,-28.25714,200.0644,-213.7329,270,315,0
11.59503,-28.84381,200.0643,-213.8055,270,315,0
11.61503,-29.43049,200.0642,-213.878,270,315,0
11.63503,-30.01717,200.0642,-213.9505,270,315,0
11.65503,-30.60385,200.0641,-214.0231,270,315,0
11.67503,-31.19053,200.064,-214.0956,270,315,0
11.69503,-31.7772,200.064,-214.1682,270,315,0
11.71503,-32.36388,200.0639,-214.2407,270,315,0
11.73503,-32.95056,200.0638,-214.3132,270,315,0
11.75503,-33.53724,200.0637,-214.3858,270,315,0
11.77503,-34.12391,200.0637,-214.4583,270,315,0
11.79503,-34.71059,200.0636,-214.5309,270,315,0
11.81503,-35.29727,200.0635,-214.6034,270,315,0
11.83503,-35.88395,200.0634,-214.6759,270,315,0
11.85503,-36.47062,200.0634,-214.7485,270,315,0
11.87503,-37.0573,200.0633,-214.821,270,315,0
11.89503,-37.64398,200.0632,-214.8936,270,315,0
11.91503,-38.23066,200.0631,-214.9661,270,315,0
11.93503,-38.81733,200.063,-215.0387,270,315,0
11.95503,-39.40401,200.063,-215.1112,270,315,0
11.97503,-39.99069,200.0629,-215.1837,270,315,0
11.99503,-40.57737,200.0628,-215.2563,270,315,0
12.01503,-41.16404,200.0627,-215.3288,270,315,0
12.03503,-41.75072,200.0626,-215.4014,270,315,0
12.05503,-42.3374,200.0625,-215.4739,270,315,0
12.07503,-42.92408,200.0624,-215.5464,270,315,0
12.09503,-43.51075,200.0623,-215.619,270,315,0
12.11503,-44.09743,200.0623,-215.6915,270,315,0
12.13503,-44.68411,200.0622,-215.7641,270,315,0
12.15503,-45.27079,200.0621,-215.8366,270,315,0
12.17503,-45.85746,200.062,-215.9091,270,315,0
12.19503,-46.44414,200.0619,-215.9817,270,315,0
12.21503,-47.03082,200.0618,-216.0542,270,315,0
12.23503,-47.6175,200.0617,-216.1268,270,315,0
12.25503,-48.20417,200.0616,-216.1993,270,315,0
12.27503,-48.79085,200.0615,-216.2718,270,315,0
12.29503,-49.37753,200.0614,-216.3444,270,315,0
12.31503,-49.96421,200.0613,-216.4169,270,315,0
12.33503,-50.55088,200.0612,-216.4895,270,315,0
12.35503,-51.13756,200.0611,-216.562,270,315,0
12.37503,-51.72424,200.061,-216.6345,270,315,0
12.39503,-52.31092,200.0609,-216.7071,270,315,0
12.41503,-52.89759,200.0608,-216.7796,270,315,0
12.43503,-53.48427,200.0607,-216.8522,270,315,0
12.45503,-54.07095,200.0606,-216.9247,270,315,0
12.47503,-54.65763,200.0605,-216.9972,270,315,0
12.49503,-55.2443,200.0603,-217.0698,270,315,0
12.51503,-55.83098,200.0602,-217.1423,270,315,0
12.53503,-56.41766,200.0601,-217.2149,270,315,0
12.55503,-57.00434,200.06,-217.2874,270,315,0
12.57503,-57.59101,200.0599,-217.3599,270,315,0
12.59503,-58.17769,200.0598,-217.4325,270,315,0
12.61503,-58.76437,200.0597,-217.505,270,315,0
12.63503,-59.35105,200.0595,-217.5776,270,315,0
12.65503,-59.93773,200.0594,-217.6501,270,315,0
12.67503,-60.5244,200.0593,-217.7226,270,315,0
12.69503,-61.11108,200.0592,-217.7952,270,315,0
12.71503,-61.69776,200.0591,-217.8677,270,315,0
12.73503,-62.28444,200.0589,-217.9403,270,315,0
12.75503,-62.87111,200.0588,-218.0128,270,315,0
12.77503,-63.45779,200.0587,-218.0853,270,315,0
12.79503,-64.04447,200.0586,-218.1579,270,315,0
12.81503,-64.63115,200.0584,-218.2304,270,315,0
12.83503,-65.21783,200.0583,-218.303,270,315,0
12.85503,-65.8045,200.0582,-218.3755,270,315,0
12.87503,-66.39118,200.058,-218.448,270,315,0
12.89503,-66.97903,200.0579,-218.5207,270,315,0
12.91503,-67.56793,200.0578,-218.5935,270,315,0
12.93503,-68.15781,200.0576,-218.6665,270,315,0
12.95503,-68.74855,200.0574,-218.7395,270,315,0
12.97503,-69.34007,200.0573,-218.8127,270,315,0
12.99503,-69.93227,200.0571,-218.8859,270,315,0
13.01503,-70.52507,200.057,-218.9592,270,315,0
13.03503,-71.11836,200.0568,-219.0325,270,315,0
13.05503,-71.71207,200.0566,-219.1059,270,315,0
13.07503,-72.30611,200.0564,-219.1794,270,315,0
13.09503,-72.9004,200.0563,-219.2529,270,315,0
13.11503,-73.49484,200.0561,-219.3264,270,315,0
13.13503,-74.08937,200.0559,-219.3999,270,315,0
13.15503,-74.6839,200.0557,-219.4734,270,315,0
13.17503,-75.27835,200.0555,-219.5469,270,315,0
13.19503,-75.87265,200.0553,-219.6204,270,315,0
13.21503,-76.46672,200.0551,-219.6939,270,315,0
13.23503,-77.06049,200.0549,-219.7673,270,315,0
13.25503,-77.65389,200.0547,-219.8406,270,315,0
13.27503,-78.24686,200.0545,-219.914,270,315,0
13.29503,-78.83931,200.0543,-219.9872,270,315,0
13.31503,-79.43118,200.054,-220.0604,270,315,0
13.33503,-80.02242,200.0538,-220.1335,270,315,0
13.35503,-80.61294,200.0536,-220.2065,270,315,0
13.37503,-81.20269,200.0534,-220.2794,270,315,0
13.39503,-81.79161,200.0531,-220.3522,270,315,0
13.41503,-82.37964,200.0529,-220.425,270,315,0
13.43503,-82.96671,200.0527,-220.4975,270,315,0
13.45503,-83.55278,200.0525,-220.57,270,315,0
13.47503,-84.13778,200.0522,-220.6423,270,315,0
13.49503,-84.72166,200.052,-220.7145,270,315,0
13.51503,-85.30436,200.0517,-220.7866,270,315,0
13.53503,-85.88584,200.0515,-220.8585,270,315,0
13.55503,-86.46604,200.0513,-220.9302,270,315,0
13.57503,-87.04491,200.051,-221.0018,270,315,0
13.59503,-87.62241,200.0508,-221.0732,270,315,0
13.61503,-88.19847,200.0505,-221.1444,270,315,0
13.63503,-88.77306,200.0503,-221.2155,270,315,0
13.65503,-89.34614,200.05,-221.2863,270,315,0
13.67503,-89.91765,200.0498,-221.357,270,315,0
13.69503,-90.48756,200.0495,-221.4275,270,315,0
13.71503,-91.05582,200.0492,-221.4977,270,315,0
13.73503,-91.62238,200.049,-221.5678,270,315,0
13.75503,-92.18723,200.0487,-221.6376,270,315,0
13.77503,-92.7503,200.0485,-221.7072,270,315,0
