0.01503253,41.83012,200,466.5081,270,315,0
0.03503253,41.83012,200,466.5081,270,315,0
0.05503253,41.58812,200.0059,465.7418,270,315,0
0.07503253,41.45177,200.0018,465.251,270,315,0
0.09503253,41.2524,200.0047,464.6609,270,315,0
0.1150325,41.08469,200.003,464.1068,270,315,0
0.1350325,40.90236,200.0041,463.5395,270,315,0
0.1550325,40.72645,200.0036,462.9771,270,315,0
0.1750325,40.54781,200.0039,462.4129,270,315,0
0.1950325,40.3703,200.0039,461.8493,270,315,0
0.2150325,40.19233,200.004,461.2856,270,315,0
0.2350325,40.01455,200.0041,460.7219,270,315,0
0.2550325,39.83669,200.0041,460.1581,270,315,0
0.2750325,39.65886,200.0042,459.5944,270,315,0
0.2950325,39.48101,200.0043,459.0307,270,315,0
0.3150325,39.30318,200.0043,458.467,270,315,0
0.3350325,39.12534,200.0044,457.9033,270,315,0
0.3550325,38.9475,200.0044,457.3395,270,315,0
0.3750325,38.76966,200.0045,456.7758,270,315,0
0.3950325,38.59183,200.0046,456.2121,270,315,0
0.4150325,38.41399,200.0046,455.6484,270,315,0
0.4350325,38.23615,200.0047,455.0847,270,315,0
0.4550325,38.05832,200.0047,454.5209,270,315,0
0.4750325,37.88048,200.0048,453.9572,270,315,0
0.4950325,37.70264,200.0049,453.3935,270,315,0
0.5150325,37.5248,200.0049,452.8298,270,315,0
0.5350325,37.34696,200.005,452.2661,270,315,0
0.5550325,37.16912,200.0051,451.7023,270,315,0
0.5750325,36.99128,200.0051,451.1386,270,315,0
0.5950325,36.81343,200.0052,450.5749,270,315,0
0.6150325,36.63559,200.0052,450.0112,270,315,0
0.6350325,36.45775,200.0053,449.4474,270,315,0
0.6550325,36.27991,200.0054,448.8837,270,315,0
0.6750325,36.10207,200.0054,448.32,270,315,0
0.6950325,35.92423,200.0055,447.7563,270,315,0
0.7150325,35.74639,200.0055,447.1926,270,315,0
0.7350325,35.56855,200.0056,446.6288,270,315,0
0.7550325,35.39071,200.0057,446.0651,270,315,0
0.7750325,35.21286,200.0057,445.5014,270,315,0
0.7950325,35.03502,200.0058,444.9377,270,315,0
0.8150325,34.85718,200.0058,444.374,270,315,0
0.8350325,34.67934,200.0059,443.8102,270,315,0
0.8550325,34.5015,200.006,443.2465,270,315,0
0.8750325,34.32366,200.006,442.6828,270,315,0
0.8950325,34.14582,200.0061,442.1191,270,315,0
0.9150325,33.96798,200.0061,441.5554,270,315,0
0.9350325,33.79013,200.0062,440.9916,270,315,0
0.9550325,33.61229,200.0063,440.4279,270,315,0
0.9750325,33.43445,200.0063,439.8642,270,315,0
0.9950325,33.25661,200.0064,439.3005,270,315,0
1.015033,33.07876,200.0065,438.7368,270,315,0
1.035033,32.90092,200.0065,438.173,270,315,0
1.055032,32.72307,200.0066,437.6093,270,315,0
1.075032,32.54523,200.0066,437.0456,270,315,0
1.095032,32.36738,200.0067,436.4819,270,315,0
1.115033,32.18954,200.0068,435.9182,270,315,0
1.135033,32.01169,200.0068,435.3544,270,315,0
1.155033,31.83385,200.0069,434.7907,270,315,0
1.175032,31.656,200.0069,434.227,270,315,0
1.195032,31.47816,200.007,433.6633,270,315,0
1.215032,31.30031,200.0071,433.0995,270,315,0
1.235033,31.12247,200.0071,432.5358,270,315,0
1.255033,30.94462,200.0072,431.9721,270,315,0
1.275033,30.76678,200.0072,431.4084,270,315,0
1.295033,30.58893,200.0073,430.8447,270,315,0
1.315032,30.41109,200.0074,430.2809,270,315,0
1.335032,30.23324,200.0074,429.7172,270,315,0
1.355032,30.05539,200.0075,429.1535,270,315,0
1.375033,29.87755,200.0076,428.5898,270,315,0
1.395033,29.6997,200.0076,428.0261,270,315,0
1.415033,29.52185,200.0077,427.4623,270,315,0
1.435032,29.34401,200.0077,426.8986,270,315,0
1.455032,29.16616,200.0078,426.3349,270,315,0
1.475032,28.98831,200.0079,425.7712,270,315,0
1.495033,28.81046,200.0079,425.2075,270,315,0
1.515033,28.63262,200.008,424.6437,270,315,0
1.535033,28.45477,200.008,424.08,270,315,0
1.555032,28.27692,200.0081,423.5163,270,315,0
1.575032,28.09908,200.0082,422.9526,270,315,0
1.595032,27.92123,200.0082,422.3889,270,315,0
1.615033,27.74338,200.0083,421.8251,270,315,0
1.635033,27.56553,200.0083,421.2614,270,315,0
1.655033,27.38768,200.0084,420.6977,270,315,0
1.675032,27.20983,200.0085,420.134,270,315,0
1.695032,27.03198,200.0085,419.5703,270,315,0
1.715032,26.85413,200.0086,419.0065,270,315,0
1.735032,26.67628,200.0087,418.4428,270,315,0
1.755033,26.49844,200.0087,417.8791,270,315,0
1.775033,26.32059,200.0088,417.3154,270,315,0
1.795033,26.14274,200.0088,416.7516,270,315,0
1.815032,25.96489,200.0089,416.1879,270,315,0
1.835032,25.78703,200.009,415.6242,270,315,0
1.855032,25.60918,200.009,415.0605,270,315,0
1.875033,25.43133,200.0091,414.4968,270,315,0
1.895033,25.25348,200.0091,413.933,270,315,0
1.915033,25.07563,200.0092,413.3693,270,315,0
1.935032,24.89778,200.0093,412.8056,270,315,0
1.955032,24.71993,200.0093,412.2419,270,315,0
1.975032,24.54208,200.0094,411.6782,270,315,0
1.995032,24.36423,200.0094,411.1144,270,315,0
2.015033,24.18638,200.0095,410.5507,270,315,0
2.035033,24.00852,200.0096,409.987,270,315,0
2.055032,23.83067,200.0096,409.4233,270,315,0
2.075032,23.65282,200.0097,408.8596,270,315,0
2.095032,23.47497,200.0098,408.2958,270,315,0
2.115032,23.29711,200.0098,407.7321,270,315,0
2.135032,23.11926,200.0099,407.1684,270,315,0
2.155032,22.94141,200.0099,406.6047,270,315,0
2.175032,22.76356,200.01,406.041,270,315,0
2.195033,22.5857,200.0101,405.4772,270,315,0
2.215033,22.40785,200.0101,404.9135,270,315,0
2.235033,22.22999,200.0102,404.3498,270,315,0
2.255033,22.05214,200.0102,403.7861,270,315,0
2.275033,21.87428,200.0103,403.2224,270,315,0
2.295033,21.69643,200.0104,402.6586,270,315,0
2.315032,21.51858,200.0104,402.0949,270,315,0
2.335032,21.34072,200.0105,401.5312,270,315,0
2.355032,21.16287,200.0105,400.9675,270,315,0
2.375032,20.98501,200.0106,400.4037,270,315,0
2.395032,20.80716,200.0107,399.84,270,315,0
2.415032,20.6293,200.0107,399.2763,270,315,0
2.435032,20.45145,200.0108,398.7126,270,315,0
2.455033,20.27359,200.0108,398.1489,270,315,0
2.475033,20.09573,200.0109,397.5851,270,315,0
2.495033,19.91788,200.011,397.0214,270,315,0
2.515033,19.74002,200.011,396.4577,270,315,0
2.535033,19.56216,200.0111,395.894,270,315,0
2.555032,19.38431,200.0112,395.3303,270,315,0
2.575032,19.20645,200.0112,394.7665,270,315,0
2.595032,19.02859,200.0113,394.2028,270,315,0
2.615032,18.85074,200.0113,393.6391,270,315,0
2.635032,18.67288,200.0114,393.0754,270,315,0
2.655032,18.49502,200.0115,392.5117,270,315,0
2.675032,18.31717,200.0115,391.9479,270,315,0
2.695032,18.13931,200.0116,391.3842,270,315,0
2.715033,17.96145,200.0116,390.8205,270,315,0
2.735033,17.78359,200.0117,390.2568,270,315,0
2.755033,17.60573,200.0118,389.6931,270,315,0
2.775033,17.42787,200.0118,389.1293,270,315,0
2.795033,17.25002,200.0119,388.5656,270,315,0
2.815032,17.07216,200.0119,388.0019,270,315,0
2.835032,16.8943,200.012,387.4382,270,315,0
2.855032,16.71644,200.0121,386.8745,270,315,0
2.875032,16.53858,200.0121,386.3107,270,315,0
2.895032,16.36072,200.0122,385.747,270,315,0
2.915032,16.18286,200.0123,385.1833,270,315,0
2.935032,16.005,200.0123,384.6196,270,315,0
2.955032,15.82714,200.0124,384.0558,270,315,0
2.975033,15.64928,200.0124,383.4921,270,315,0
2.995033,15.47142,200.0125,382.9284,270,315,0
3.015033,15.29356,200.0126,382.3647,270,315,0
3.035033,15.11569,200.0126,381.801,270,315,0
3.055032,14.93783,200.0127,381.2372,270,315,0
3.075032,14.75997,200.0127,380.6735,270,315,0
3.095032,14.58211,200.0128,380.1098,270,315,0
3.115032,14.40425,200.0129,379.5461,270,315,0
3.135032,14.22639,200.0129,378.9824,270,315,0
3.155032,14.04852,200.013,378.4186,270,315,0
3.175032,13.87066,200.013,377.8549,270,315,0
3.195032,13.6928,200.0131,377.2912,270,315,0
3.215033,13.51494,200.0132,376.7275,270,315,0
3.235033,13.33707,200.0132,376.1638,270,315,0
3.255033,13.15921,200.0133,375.6,270,315,0
3.275033,12.98135,200.0134,375.0363,270,315,0
3.295033,12.80348,200.0134,374.4726,270,315,0
3.315032,12.62562,200.0135,373.9089,270,315,0
3.335032,12.44776,200.0135,373.3452,270,315,0
3.355032,12.26989,200.0136,372.7814,270,315,0
3.375032,12.09203,200.0137,372.2177,270,315,0
3.395032,11.91417,200.0137,371.654,270,315,0
3.415032,11.7363,200.0138,371.0903,270,315,0
3.435032,11.55844,200.0138,370.5266,270,315,0
3.455032,11.38057,200.0139,369.9628,270,315,0
3.475033,11.20271,200.014,369.3991,270,315,0
3.495033,11.02484,200.014,368.8354,270,315,0
3.515033,10.84698,200.0141,368.2717,270,315,0
3.535033,10.66911,200.0141,367.7079,270,315,0
3.555032,10.49124,200.0142,367.1442,270,315,0
3.575032,10.31338,200.0143,366.5805,270,315,0
3.595032,10.13551,200.0143,366.0168,270,315,0
3.615032,9.957646,200.0144,365.4531,270,315,0
3.635032,9.779779,200.0145,364.8893,270,315,0
3.655032,9.601912,200.0145,364.3256,270,315,0
3.675032,9.424046,200.0146,363.7619,270,315,0
3.695032,9.246179,200.0146,363.1982,270,315,0
3.715032,9.068312,200.0147,362.6345,270,315,0
3.735033,8.890444,200.0148,362.0707,270,315,0
3.755033,8.712576,200.0148,361.507,270,315,0
3.775033,8.534708,200.0149,360.9433,270,315,0
3.795033,8.35684,200.0149,360.3796,270,315,0
3.815032,8.178972,200.015,359.8159,270,315,0
3.835032,8.001103,200.015,359.2521,270,315,0
3.855032,7.823235,200.0151,358.6884,270,315,0
3.875032,7.645366,200.0151,358.1247,270,315,0
3.895032,7.467497,200.0152,357.561,270,315,0
3.915032,7.289628,200.0152,356.9973,270,315,0
3.935032,7.111759,200.0153,356.4335,270,315,0
3.955032,6.933889,200.0153,355.8698,270,315,0
3.975032,6.756019,200.0154,355.3061,270,315,0
3.995033,6.578149,200.0154,354.7424,270,315,0
4.015032,6.400279,200.0154,354.1786,270,315,0
4.035032,6.222409,200.0155,353.6149,270,315,0
4.055032,6.044538,200.0155,353.0512,270,315,0
4.075032,5.866667,200.0156,352.4875,270,315,0
4.095032,5.688797,200.0156,351.9238,270,315,0
4.115033,5.510925,200.0157,351.36,270,315,0
4.135033,5.333054,200.0157,350.7963,270,315,0
4.155033,5.155182,200.0158,350.2326,270,315,0
4.175033,4.977311,200.0158,349.6689,270,315,0
4.195033,4.799439,200.0159,349.1052,270,315,0
4.215033,4.621567,200.0159,348.5414,270,315,0
4.235033,4.443695,200.0159,347.9777,270,315,0
4.255033,4.265822,200.016,347.414,270,315,0
4.275033,4.087949,200.016,346.8503,270,315,0
4.295033,3.910076,200.0161,346.2866,270,315,0
4.315032,3.732203,200.0161,345.7228,270,315,0
4.335032,3.55433,200.0162,345.1591,270,315,0
4.355032,3.376456,200.0162,344.5954,270,315,0
4.375032,3.198583,200.0163,344.0317,270,315,0
4.395032,3.020709,200.0163,343.468,270,315,0
4.415032,2.842835,200.0164,342.9042,270,315,0
4.435032,2.66496,200.0164,342.3405,270,315,0
4.455032,2.487086,200.0164,341.7768,270,315,0
4.475032,2.309211,200.0165,341.2131,270,315,0
4.495032,2.131336,200.0165,340.6494,270,315,0
4.515032,1.953461,200.0166,340.0856,270,315,0
4.535032,1.775586,200.0166,339.5219,270,315,0
4.555032,1.59771,200.0167,338.9582,270,315,0
4.575032,1.419835,200.0167,338.3945,270,315,0
4.595032,1.241959,200.0168,337.8307,270,315,0
4.615032,1.064083,200.0168,337.267,270,315,0
4.635033,0.8862064,200.0169,336.7033,270,315,0
4.655033,0.70833,200.0169,336.1396,270,315,0
4.675033,0.5304533,200.017,335.5759,270,315,0
4.695033,0.3525764,200.017,335.0121,270,315,0
4.715033,0.1746994,200.017,334.4484,270,315,0
4.735033,-0.003177941,200.0171,333.8847,270,315,0
4.755033,-0.1810554,200.0171,333.321,270,315,0
4.775033,-0.3589331,200.0172,332.7573,270,315,0
4.795033,-0.536811,200.0172,332.1935,270,315,0
4.815032,-0.7146891,200.0173,331.6298,270,315,0
4.835032,-0.8925674,200.0173,331.0661,270,315,0
4.855032,-1.070446,200.0174,330.5024,270,315,0
4.875032,-1.248325,200.0174,329.9387,270,315,0
4.895032,-1.426203,200.0175,329.3749,270,315,0
4.915032,-1.604083,200.0175,328.8112,270,315,0
4.935032,-1.781962,200.0175,328.2475,270,315,0
4.955032,-1.959841,200.0176,327.6838,270,315,0
4.975032,-2.137721,200.0176,327.1201,270,315,0
4.995032,-2.315601,200.0177,326.5563,270,315,0
5.015032,-2.493481,200.0177,325.9926,270,315,0
5.035032,-2.671361,200.0178,325.4289,270,315,0
5.055032,-2.849242,200.0178,324.8652,270,315,0
5.075032,-3.027123,200.0179,324.3015,270,315,0
5.095032,-3.205004,200.0179,323.7377,270,315,0
5.115032,-3.382885,200.018,323.174,270,315,0
5.135033,-3.560766,200.018,322.6103,270,315,0
5.155033,-3.738648,200.0181,322.0466,270,315,0
5.175033,-3.91653,200.0181,321.4828,270,315,0
5.195033,-4.094412,200.0181,320.9191,270,315,0
5.215033,-4.272294,200.0182,320.3554,270,315,0
5.235033,-4.450176,200.0182,319.7917,270,315,0
5.255033,-4.628059,200.0183,319.228,270,315,0
5.275033,-4.805942,200.0183,318.6642,270,315,0
5.295033,-4.983825,200.0184,318.1005,270,315,0
5.315032,-5.161708,200.0184,317.5368,270,315,0
5.335032,-5.339592,200.0185,316.9731,270,315,0
5.355032,-5.517475,200.0185,316.4094,270,315,0
5.375032,-5.695359,200.0186,315.8456,270,315,0
5.395032,-5.873243,200.0186,315.2819,270,315,0
5.415032,-6.051127,200.0186,314.7182,270,315,0
5.435032,-6.229012,200.0187,314.1545,270,315,0
5.455032,-6.406897,200.0187,313.5908,270,315,0
5.475032,-6.584782,200.0188,313.027,270,315,0
5.495032,-6.762667,200.0188,312.4633,270,315,0
5.515032,-6.940552,200.0189,311.8996,270,315,0
5.535032,-7.118438,200.0189,311.3359,270,315,0
5.555032,-7.296324,200.019,310.7722,270,315,0
5.575032,-7.47421,200.019,310.2084,270,315,0
5.595032,-7.652096,200.0191,309.6447,270,315,0
5.615032,-7.829982,200.0191,309.081,270,315,0
5.635032,-8.007869,200.0191,308.5173,270,315,0
5.655033,-8.185756,200.0192,307.9536,270,315,0
5.675033,-8.363643,200.0192,307.3898,270,315,0
5.695033,-8.54153,200.0193,306.8261,270,315,0
5.715033,-8.719418,200.0193,306.2624,270,315,0
5.735033,-8.897305,200.0194,305.6987,270,315,0
5.755033,-9.075193,200.0194,305.1349,270,315,0
5.775033,-9.253081,200.0195,304.5712,270,315,0
5.795033,-9.430969,200.0195,304.0075,270,315,0
5.815032,-9.608858,200.0196,303.4438,270,315,0
5.835032,-9.786747,200.0196,302.8801,270,315,0
5.855032,-9.964636,200.0197,302.3163,270,315,0
5.875032,-10.14252,200.0197,301.7526,270,315,0
5.895032,-10.32041,200.0197,301.1889,270,315,0
5.915032,-10.4983,200.0198,300.6252,270,315,0
5.935032,-10.67619,200.0198,300.0615,270,315,0
5.955032,-10.85408,200.0199,299.4977,270,315,0
5.975032,-11.03197,200.0199,298.934,270,315,0
5.995032,-11.20986,200.02,298.3703,270,315,0
6.015032,-11.38776,200.02,297.8066,270,315,0
6.035032,-11.56565,200.0201,297.2429,270,315,0
6.055032,-11.74354,200.0201,296.6791,270,315,0
6.075032,-11.92143,200.0202,296.1154,270,315,0
6.095032,-12.09932,200.0202,295.5517,270,315,0
6.115032,-12.27721,200.0202,294.988,270,315,0
6.135032,-12.4551,200.0203,294.4243,270,315,0
6.155032,-12.633,200.0203,293.8605,270,315,0
6.175033,-12.81089,200.0204,293.2968,270,315,0
6.195033,-12.98878,200.0204,292.7331,270,315,0
6.215033,-13.16667,200.0205,292.1694,270,315,0
6.235033,-13.34457,200.0205,291.6057,270,315,0
6.255033,-13.52246,200.0206,291.0419,270,315,0
6.275033,-13.70035,200.0206,290.4782,270,315,0
6.295033,-13.87825,200.0207,289.9145,270,315,0
6.315032,-14.05614,200.0207,289.3508,270,315,0
6.335032,-14.23404,200.0208,288.787,270,315,0
6.355032,-14.41193,200.0208,288.2233,270,315,0
6.375032,-14.58983,200.0208,287.6596,270,315,0
6.395032,-14.76772,200.0209,287.0959,270,315,0
6.415032,-14.94562,200.0209,286.5322,270,315,0
6.435032,-15.12351,200.021,285.9684,270,315,0
6.455032,-15.30141,200.021,285.4048,270,315,0
6.475032,-15.4793,200.0211,284.8411,270,315,0
6.495032,-15.6572,200.0211,284.2774,270,315,0
6.515032,-15.83509,200.0212,283.7137,270,315,0
6.535032,-16.01299,200.0212,283.15,270,315,0
6.555032,-16.19089,200.0213,282.5863,270,315,0
6.575032,-16.36878,200.0213,282.0226,270,315,0
6.595032,-16.54668,200.0213,281.4589,270,315,0
6.615032,-16.72458,200.0214,280.8952,270,315,0
6.635032,-16.90248,200.0214,280.3315,270,315,0
6.655032,-17.08037,200.0215,279.7679,270,315,0
6.675033,-17.25827,200.0215,279.2042,270,315,0
6.695033,-17.43617,200.0216,278.6405,270,315,0
6.715033,-17.61407,200.0216,278.0768,270,315,0
6.735033,-17.79197,200.0217,277.5131,270,315,0
6.755033,-17.96987,200.0217,276.9494,270,315,0
6.775033,-18.14776,200.0218,276.3857,270,315,0
6.795033,-18.32566,200.0218,275.822,270,315,0
6.815032,-18.50356,200.0219,275.2583,270,315,0
6.835032,-18.68146,200.0219,274.6946,270,315,0
6.855032,-18.85936,200.0219,274.131,270,315,0
6.875032,-19.03726,200.022,273.5673,270,315,0
6.895032,-19.21516,200.022,273.0036,270,315,0
6.915032,-19.39306,200.0221,272.4399,270,315,0
6.935032,-19.57096,200.0221,271.8762,270,315,0
6.955032,-19.74887,200.0222,271.3125,270,315,0
6.975032,-19.92677,200.0222,270.7488,270,315,0
6.995032,-20.10467,200.0223,270.1851,270,315,0
7.015032,-20.28257,200.0223,269.6214,270,315,0
7.035032,-20.46047,200.0224,269.0577,270,315,0
7.055032,-20.63837,200.0224,268.494,270,315,0
7.075032,-20.81628,200.0224,267.9304,270,315,0
7.095032,-20.99418,200.0225,267.3667,270,315,0
7.115032,-21.17208,200.0225,266.803,270,315,0
7.135032,-21.34998,200.0226,266.2393,270,315,0
7.155032,-21.52789,200.0226,265.6756,270,315,0
7.175032,-21.70579,200.0227,265.1119,270,315,0
7.195033,-21.8837,200.0227,264.5482,270,315,0
7.215033,-22.0616,200.0228,263.9845,270,315,0
7.235033,-22.2395,200.0228,263.4208,270,315,0
7.255033,-22.41741,200.0229,262.8571,270,315,0
7.275033,-22.59531,200.0229,262.2935,270,315,0
7.295033,-22.77322,200.0229,261.7298,270,315,0
7.315032,-22.95112,200.023,261.1661,270,315,0
7.335032,-23.12903,200.023,260.6024,270,315,0
7.355032,-23.30693,200.0231,260.0387,270,315,0
7.375032,-23.48484,200.0231,259.475,270,315,0
7.395032,-23.66275,200.0232,258.9113,270,315,0
7.415032,-23.84065,200.0232,258.3476,270,315,0
7.435032,-24.01856,200.0233,257.7839,270,315,0
7.455032,-24.19646,200.0233,257.2202,270,315,0
7.475032,-24.37437,200.0234,256.6566,270,315,0
7.495032,-24.55228,200.0234,256.0929,270,315,0
7.515032,-24.73019,200.0235,255.5292,270,315,0
7.535032,-24.90809,200.0235,254.9655,270,315,0
7.555032,-25.086,200.0235,254.4017,270,315,0
7.575032,-25.26391,200.0236,253.838,270,315,0
7.595032,-25.44182,200.0236,253.2743,270,315,0
7.615032,-25.61973,200.0237,252.7106,270,315,0
7.635032,-25.79763,200.0237,252.1469,270,315,0
7.655032,-25.97554,200.0238,251.5832,270,315,0
7.675032,-26.15345,200.0238,251.0195,270,315,0
7.695033,-26.33136,200.0238,250.4558,270,315,0
7.715033,-26.50927,200.0239,249.8921,270,315,0
7.735033,-26.68718,200.0239,249.3284,270,315,0
7.755033,-26.86509,200.0239,248.7647,270,315,0
7.775033,-27.043,200.024,248.201,270,315,0
7.795033,-27.22091,200.024,247.6373,270,315,0
7.815032,-27.39882,200.024,247.0736,270,315,0
7.835032,-27.57674,200.024,246.5099,270,315,0
7.855032,-27.75465,200.0241,245.9462,270,315,0
7.875032,-27.93256,200.0241,245.3825,270,315,0
7.895032,-28.11047,200.0241,244.8188,270,315,0
7.915032,-28.28838,200.0242,244.2551,270,315,0
7.935032,-28.4663,200.0242,243.6913,270,315,0
7.955032,-28.64421,200.0242,243.1276,270,315,0
7.975032,-28.82212,200.0243,242.5639,270,315,0
7.995032,-29.00003,200.0243,242.0002,270,315,0
8.015033,-29.17795,200.0243,241.4365,270,315,0
8.035032,-29.35586,200.0244,240.8728,270,315,0
8.055033,-29.53378,200.0244,240.3091,270,315,0
8.075032,-29.71169,200.0244,239.7454,270,315,0
8.095033,-29.8896,200.0244,239.1817,270,315,0
8.115032,-30.06752,200.0245,238.618,270,315,0
8.135033,-30.24543,200.0245,238.0543,270,315,0
8.155032,-30.42335,200.0245,237.4906,270,315,0
8.175033,-30.60126,200.0246,236.9269,270,315,0
8.195032,-30.77918,200.0246,236.3632,270,315,0
8.215033,-30.95709,200.0246,235.7995,270,315,0
8.235032,-31.13501,200.0247,235.2358,270,315,0
8.255033,-31.31293,200.0247,234.6721,270,315,0
8.275032,-31.49084,200.0247,234.1084,270,315,0
8.295033,-31.66876,200.0247,233.5446,270,315,0
8.315032,-31.84668,200.0248,232.9809,270,315,0
8.335032,-32.02459,200.0248,232.4172,270,315,0
8.355032,-32.20251,200.0248,231.8535,270,315,0
8.375032,-32.38043,200.0249,231.2898,270,315,0
8.395032,-32.55835,200.0249,230.7261,270,315,0
8.415032,-32.73626,200.0249,230.1624,270,315,0
8.435032,-32.91418,200.025,229.5987,270,315,0
8.455032,-33.0921,200.025,229.035,270,315,0
8.475033,-33.27002,200.025,228.4713,270,315,0
8.495032,-33.44793,200.0251,227.9076,270,315,0
8.515033,-33.62585,200.0251,227.3439,270,315,0
8.535032,-33.80378,200.0251,226.7802,270,315,0
8.555033,-33.9817,200.0251,226.2165,270,315,0
8.575032,-34.15962,200.0252,225.6528,270,315,0
8.595033,-34.33754,200.0252,225.0891,270,315,0
8.615032,-34.51546,200.0252,224.5255,270,315,0
8.635033,-34.69338,200.0253,223.9618,270,315,0
8.655032,-34.8713,200.0253,223.3981,270,315,0
8.675033,-35.04922,200.0253,222.8344,270,315,0
8.695032,-35.22715,200.0254,222.2707,270,315,0
8.715033,-35.40507,200.0254,221.707,270,315,0
8.735032,-35.58299,200.0254,221.1433,270,315,0
8.755033,-35.76091,200.0255,220.5796,270,315,0
8.775032,-35.93883,200.0255,220.0159,270,315,0
8.795033,-36.11675,200.0255,219.4522,270,315,0
8.815032,-36.29468,200.0255,218.8885,270,315,0
8.835032,-36.4726,200.0256,218.3249,270,315,0
8.855032,-36.65053,200.0256,217.7612,270,315,0
8.875032,-36.82845,200.0256,217.1975,270,315,0
8.895032,-37.00638,200.0257,216.6338,270,315,0
8.915032,-37.1843,200.0257,216.0701,270,315,0
8.935032,-37.36223,200.0257,215.5064,270,315,0
8.955032,-37.54015,200.0258,214.9427,270,315,0
8.975033,-37.71808,200.0258,214.379,270,315,0
8.995032,-37.896,200.0258,213.8153,270,315,0
9.015033,-38.07393,200.0258,213.2516,270,315,0
9.035032,-38.25185,200.0259,212.688,270,315,0
9.055033,-38.42978,200.0259,212.1243,270,315,0
9.075032,-38.6077,200.0259,211.5606,270,315,0
9.095033,-38.78563,200.026,210.9969,270,315,0
9.115032,-38.96356,200.026,210.4332,270,315,0
9.135033,-39.14149,200.026,209.8695,270,315,0
9.155032,-39.31942,200.0261,209.3058,270,315,0
9.175033,-39.49734,200.0261,208.7421,270,315,0
9.195032,-39.67527,200.0261,208.1784,270,315,0
9.215033,-39.8532,200.0262,207.6147,270,315,0
9.235032,-40.03113,200.0262,207.0511,270,315,0
9.255033,-40.20906,200.0262,206.4874,270,315,0
9.275032,-40.38699,200.0262,205.9237,270,315,0
9.295033,-40.56492,200.0263,205.36,270,315,0
9.315032,-40.74285,200.0263,204.7963,270,315,0
9.335032,-40.92078,200.0263,204.2326,270,315,0
9.355032,-41.09871,200.0264,203.6689,270,315,0
9.375032,-41.27663,200.0264,203.1052,270,315,0
9.395032,-41.45456,200.0264,202.5415,270,315,0
9.415032,-41.6325,200.0265,201.9778,270,315,0
9.435032,-41.81043,200.0265,201.4142,270,315,0
9.455032,-41.98836,200.0265,200.8505,270,315,0
9.475032,-42.16629,200.0266,200.2868,270,315,0
9.495032,-42.34423,200.0266,199.7231,270,315,0
9.515033,-42.52216,200.0266,199.1594,270,315,0
9.535032,-42.70009,200.0266,198.5957,270,315,0
9.555033,-42.87803,200.0267,198.032,270,315,0
9.575032,-43.05596,200.0267,197.4683,270,315,0
9.595033,-43.23389,200.0267,196.9046,270,315,0
9.615032,-43.41182,200.0268,196.3409,270,315,0
9.635033,-43.58976,200.0268,195.7773,270,315,0
9.655032,-43.76769,200.0268,195.2136,270,315,0
9.675033,-43.94562,200.0269,194.6499,270,315,0
9.695032,-44.12356,200.0269,194.0862,270,315,0
9.715033,-44.30149,200.0269,193.5225,270,315,0
9.735032,-44.47943,200.0269,192.9588,270,315,0
9.755033,-44.65737,200.027,192.3951,270,315,0
9.775032,-44.8353,200.027,191.8314,270,315,0
9.795033,-45.01324,200.027,191.2677,270,315,0
9.815032,-45.19118,200.0271,190.704,270,315,0
9.835032,-45.36911,200.0271,190.1404,270,315,0
9.855032,-45.54705,200.0271,189.5767,270,315,0
9.875032,-45.72499,200.0272,189.013,270,315,0
9.895032,-45.90292,200.0272,188.4493,270,315,0
9.915032,-46.08086,200.0272,187.8856,270,315,0
9.935032,-46.2588,200.0273,187.3219,270,315,0
9.955032,-46.43673,200.0273,186.7582,270,315,0
9.975032,-46.61467,200.0273,186.1945,270,315,0
9.995032,-46.79261,200.0273,185.6308,270,315,0
10.01503,-46.97055,200.0274,185.0671,270,315,0
10.03503,-47.14849,200.0274,184.5034,270,315,0
10.05503,-47.32644,200.0274,183.9398,270,315,0
10.07503,-47.50438,200.0275,183.3761,270,315,0
10.09503,-47.68232,200.0275,182.8124,270,315,0
10.11503,-47.86026,200.0275,182.2487,270,315,0
10.13503,-48.0382,200.0276,181.685,270,315,0
10.15503,-48.21614,200.0276,181.1213,270,315,0
10.17503,-48.39408,200.0276,180.5576,270,315,0
10.19503,-48.57202,200.0276,179.9939,270,315,0
10.21503,-48.74996,200.0277,179.4302,270,315,0
10.23503,-48.9279,200.0277,178.8665,270,315,0
10.25503,-49.10585,200.0277,178.3029,270,315,0
10.27503,-49.28379,200.0278,177.7392,270,315,0
10.29503,-49.46173,200.0278,177.1755,270,315,0
10.31503,-49.63968,200.0278,176.6118,270,315,0
10.33503,-49.81762,200.0279,176.0481,270,315,0
10.35503,-49.99557,200.0279,175.4844,270,315,0
10.37503,-50.17351,200.0279,174.9207,270,315,0
10.39503,-50.35146,200.028,174.357,270,315,0
10.41503,-50.5294,200.028,173.7933,270,315,0
10.43503,-50.70734,200.028,173.2296,270,315,0
10.45503,-50.88529,200.028,172.666,270,315,0
10.47503,-51.06323,200.0281,172.1023,270,315,0
10.49503,-51.24118,200.0281,171.5386,270,315,0
10.51503,-51.41912,200.0281,170.9749,270,315,0
10.53503,-51.59707,200.0282,170.4112,270,315,0
10.55503,-51.77502,200.0282,169.8475,270,315,0
10.57503,-51.95297,200.0282,169.2838,270,315,0
10.59503,-52.13092,200.0283,168.7201,270,315,0
10.61503,-52.30886,200.0283,168.1564,270,315,0
10.63503,-52.48681,200.0283,167.5927,270,315,0
10.65503,-52.66476,200.0284,167.0291,270,315,0
10.67503,-52.84271,200.0284,166.4654,270,315,0
10.69503,-53.02066,200.0284,165.9017,270,315,0
10.71503,-53.1986,200.0284,165.338,270,315,0
10.73503,-53.37655,200.0285,164.7743,270,315,0
10.75503,-53.5545,200.0285,164.2106,270,315,0
10.77503,-53.73245,200.0285,163.6469,270,315,0
10.79503,-53.9104,200.0285,163.0832,270,315,0
10.81503,-54.08836,200.0285,162.5195,270,315,0
10.83503,-54.26631,200.0286,161.9558,270,315,0
10.85503,-54.44426,200.0286,161.3922,270,315,0
10.87503,-54.62221,200.0286,160.8285,270,315,0
10.89503,-54.80016,200.0286,160.2648,270,315,0
10.91503,-54.97812,200.0286,159.7011,270,315,0
10.93503,-55.15607,200.0286,159.1374,270,315,0
10.95503,-55.33402,200.0287,158.5737,270,315,0
10.97503,-55.51197,200.0287,158.01,270,315,0
10.99503,-55.68992,200.0287,157.4463,270,315,0
11.01503,-55.86787,200.0287,156.8826,270,315,0
11.03503,-56.04583,200.0287,156.3189,270,315,0
11.05503,-56.22379,200.0287,155.7552,270,315,0
11.07503,-56.40174,200.0287,155.1916,270,315,0
11.09503,-56.5797,200.0288,154.6279,270,315,0
11.11503,-56.75765,200.0288,154.0642,270,315,0
11.13503,-56.93561,200.0288,153.5005,270,315,0
11.15503,-57.11356,200.0288,152.9368,270,315,0
11.17503,-57.29152,200.0288,152.3731,270,315,0
11.19503,-57.46947,200.0288,151.8094,270,315,0
11.21503,-57.64743,200.0289,151.2457,270,315,0
11.23503,-57.82539,200.0289,150.682,270,315,0
11.25503,-58.00334,200.0289,150.1183,270,315,0
11.27503,-58.1813,200.0289,149.5547,270,315,0
11.29503,-58.35926,200.0289,148.991,270,315,0
11.31503,-58.53722,200.0289,148.4273,270,315,0
11.33503,-58.71518,200.0289,147.8636,270,315,0
11.35503,-58.89314,200.029,147.2999,270,315,0
11.37503,-59.0711,200.029,146.7362,270,315,0
11.39503,-59.24906,200.029,146.1725,270,315,0
11.41503,-59.42702,200.029,145.6088,270,315,0
11.43503,-59.60498,200.029,145.0451,270,315,0
11.45503,-59.78294,200.029,144.4814,270,315,0
11.47503,-59.9609,200.0291,143.9178,270,315,0
11.49503,-60.13885,200.0291,143.3541,270,315,0
11.51503,-60.31682,200.0291,142.7904,270,315,0
11.53503,-60.49478,200.0291,142.2267,270,315,0
11.55503,-60.67274,200.0291,141.663,270,315,0
11.57503,-60.85071,200.0291,141.0993,270,315,0
11.59503,-61.02867,200.0291,140.5356,270,315,0
11.61503,-61.20663,200.0292,139.9719,270,315,0
11.63503,-61.3846,200.0292,139.4082,270,315,0
11.65503,-61.56256,200.0292,138.8445,270,315,0
11.67503,-61.74052,200.0292,138.2809,270,315,0
11.69503,-61.91849,200.0292,137.7172,270,315,0
11.71503,-62.09645,200.0292,137.1535,270,315,0
11.73503,-62.27441,200.0293,136.5898,270,315,0
11.75503,-62.45238,200.0293,136.0261,270,315,0
11.77503,-62.63035,200.0293,135.4624,270,315,0
11.79503,-62.80832,200.0293,134.8987,270,315,0
11.81503,-62.98628,200.0293,134.335,270,315,0
11.83503,-63.16425,200.0293,133.7713,270,315,0
11.85503,-63.34222,200.0293,133.2076,270,315,0
11.87503,-63.52018,200.0294,132.644,270,315,0
11.89503,-63.69815,200.0294,132.0803,270,315,0
11.91503,-63.87612,200.0294,131.5166,270,315,0
11.93503,-64.05408,200.0294,130.9529,270,315,0
11.95503,-64.23206,200.0294,130.3892,270,315,0
11.97503,-64.41003,200.0294,129.8256,270,315,0
11.99503,-64.588,200.0294,129.2619,270,315,0
12.01503,-64.76597,200.0295,128.6982,270,315,0
12.03503,-64.94394,200.0295,128.1345,270,315,0
12.05503,-65.12191,200.0295,127.5709,270,315,0
12.07503,-65.29988,200.0295,127.0072,270,315,0
12.09503,-65.47785,200.0295,126.4435,270,315,0
12.11503,-65.65582,200.0295,125.8798,270,315,0
12.13503,-65.83379,200.0296,125.3161,270,315,0
12.15503,-66.01176,200.0296,124.7524,270,315,0
12.17503,-66.18974,200.0296,124.1888,270,315,0
12.19503,-66.36771,200.0296,123.6251,270,315,0
12.21503,-66.54568,200.0296,123.0614,270,315,0
12.23503,-66.72365,200.0296,122.4977,270,315,0
12.25503,-66.90162,200.0296,121.934,270,315,0
12.27503,-67.07959,200.0297,121.3703,270,315,0
12.29503,-67.25756,200.0297,120.8067,270,315,0
12.31503,-67.43553,200.0297,120.243,270,315,0
12.33503,-67.61351,200.0297,119.6793,270,315,0
12.35503,-67.79149,200.0297,119.1156,270,315,0
12.37503,-67.96947,200.0297,118.5519,270,315,0
12.39503,-68.14745,200.0298,117.9883,270,315,0
12.41503,-68.32542,200.0298,117.4246,270,315,0
12.43503,-68.5034,200.0298,116.8609,270,315,0
12.45503,-68.68138,200.0298,116.2972,270,315,0
12.47503,-68.85936,200.0298,115.7335,270,315,0
12.49503,-69.03734,200.0298,115.1698,270,315,0
12.51503,-69.21532,200.0298,114.6062,270,315,0
12.53503,-69.3933,200.0299,114.0425,270,315,0
12.55503,-69.57127,200.0299,113.4788,270,315,0
12.57503,-69.74925,200.0299,112.9151,270,315,0
12.59503,-69.92723,200.0299,112.3514,270,315,0
12.61503,-70.10521,200.0299,111.7877,270,315,0
12.63503,-70.28319,200.0299,111.2241,270,315,0
12.65503,-70.46117,200.03,110.6604,270,315,0
12.67503,-70.63914,200.03,110.0967,270,315,0
12.69503,-70.81712,200.03,109.533,270,315,0
12.71503,-70.9951,200.03,108.9694,270,315,0
12.73503,-71.17308,200.03,108.4057,270,315,0
12.75503,-71.35106,200.03,107.842,270,315,0
12.77503,-71.52905,200.03,107.2783,270,315,0
12.79503,-71.70703,200.0301,106.7147,270,315,0
12.81503,-71.88502,200.0301,106.151,270,315,0
12.83503,-72.063,200.0301,105.5873,270,315,0
12.85503,-72.24099,200.0301,105.0236,270,315,0
12.87503,-72.41898,200.0301,104.46,270,315,0
12.89503,-72.59696,200.0301,103.8963,270,315,0
12.91503,-72.77495,200.0302,103.3326,270,315,0
12.93503,-72.95293,200.0302,102.7689,270,315,0
12.95503,-73.13092,200.0302,102.2053,270,315,0
12.97503,-73.30891,200.0302,101.6416,270,315,0
12.99503,-73.48689,200.0302,101.0779,270,315,0
13.01503,-73.66488,200.0302,100.5142,270,315,0
13.03503,-73.84286,200.0302,99.95057,270,315,0
13.05503,-74.02085,200.0303,99.38689,270,315,0
13.07503,-74.19884,200.0303,98.82322,270,315,0
13.09503,-74.37682,200.0303,98.25954,270,315,0
13.11503,-74.55481,200.0303,97.69587,270,315,0
13.13503,-74.7328,200.0303,97.13219,270,315,0
13.15503,-74.91078,200.0303,96.56852,270,315,0
13.17503,-75.08877,200.0303,96.00484,270,315,0
13.19503,-75.26676,200.0304,95.44117,270,315,0
13.21503,-75.44476,200.0304,94.87749,270,315,0
13.23503,-75.62275,200.0304,94.31382,270,315,0
13.25503,-75.80074,200.0304,93.75014,270,315,0
13.27503,-75.97874,200.0304,93.18647,270,315,0
13.29503,-76.15673,200.0304,92.6228,270,315,0
13.31503,-76.33472,200.0304,92.05912,270,315,0
13.33503,-76.51272,200.0304,91.49545,270,315,0
13.35503,-76.69071,200.0304,90.93177,270,315,0
13.37503,-76.86871,200.0304,90.3681,270,315,0
13.39503,-77.0467,200.0304,89.80442,270,315,0
13.41503,-77.22469,200.0304,89.24075,270,315,0
13.43503,-77.40269,200.0304,88.67707,270,315,0
13.45503,-77.58068,200.0304,88.1134,270,315,0
13.47503,-77.75867,200.0304,87.54972,270,315,0
13.49503,-77.93667,200.0304,86.98605,270,315,0
13.51503,-78.11466,200.0304,86.42237,270,315,0
13.53503,-78.29266,200.0304,85.8587,270,315,0
13.55503,-78.47065,200.0304,85.29502,270,315,0
13.57503,-78.64864,200.0304,84.73135,270,315,0
13.59503,-78.82664,200.0304,84.16767,270,315,0
13.61503,-79.00464,200.0304,83.604,270,315,0
13.63503,-79.18264,200.0304,83.04032,270,315,0
13.65503,-79.36064,200.0304,82.47665,270,315,0
13.67503,-79.53864,200.0304,81.91297,270,315,0
13.69503,-79.71664,200.0304,81.3493,270,315,0
13.71503,-79.89465,200.0304,80.78562,270,315,0
13.73503,-80.07265,200.0304,80.22195,270,315,0
13.75503,-80.25065,200.0304,79.65827,270,315,0
13.77503,-80.42865,200.0304,79.0946,270,315,0
