0.01503253,12.04126,200,-46.79173,270,315,0
0.03503253,12.04126,200,-46.79173,270,315,0
0.05503253,11.78702,200.0062,-47.55405,270,315,0
0.07503253,11.64273,200.0018,-48.04224,270,315,0
0.09503253,11.434,200.0049,-48.62928,270,315,0
0.1150325,11.2574,200.0032,-49.18056,270,315,0
0.1350325,11.06601,200.0042,-49.74483,270,315,0
0.1550325,10.88111,200.0038,-50.30435,270,315,0
0.1750325,10.69345,200.0041,-50.86563,270,315,0
0.1950325,10.50694,200.004,-51.42625,270,315,0
0.2150325,10.31996,200.0042,-51.98711,270,315,0
0.2350325,10.13317,200.0042,-52.54789,270,315,0
0.2550325,9.946302,200.0043,-53.1087,270,315,0
0.2750325,9.759465,200.0043,-53.66949,270,315,0
0.2950325,9.572616,200.0044,-54.23029,270,315,0
0.3150325,9.385771,200.0045,-54.79109,270,315,0
0.3350325,9.198924,200.0045,-55.35189,270,315,0
0.3550325,9.012077,200.0046,-55.91269,270,315,0
0.3750325,8.825231,200.0047,-56.47349,270,315,0
0.3950325,8.638383,200.0047,-57.03429,270,315,0
0.4150325,8.451535,200.0048,-57.59509,270,315,0
0.4350325,8.264688,200.0048,-58.15588,270,315,0
0.4550325,8.07784,200.0049,-58.71668,270,315,0
0.4750325,7.890992,200.005,-59.27748,270,315,0
0.4950325,7.704143,200.005,-59.83828,270,315,0
0.5150325,7.517294,200.0051,-60.39908,270,315,0
0.5350325,7.330445,200.0051,-60.95988,270,315,0
0.5550325,7.143596,200.0052,-61.52068,270,315,0
0.5750325,6.956747,200.0053,-62.08147,270,315,0
0.5950325,6.769897,200.0053,-62.64227,270,315,0
0.6150325,6.583047,200.0054,-63.20307,270,315,0
0.6350325,6.396197,200.0054,-63.76387,270,315,0
0.6550325,6.209347,200.0055,-64.32467,270,315,0
0.6750325,6.022496,200.0056,-64.88547,270,315,0
0.6950325,5.835646,200.0056,-65.44627,270,315,0
0.7150325,5.648795,200.0057,-66.00706,270,315,0
0.7350325,5.461944,200.0058,-66.56786,270,315,0
0.7550325,5.275092,200.0058,-67.12866,270,315,0
0.7750325,5.088241,200.0059,-67.68946,270,315,0
0.7950325,4.901389,200.0059,-68.25026,270,315,0
0.8150325,4.714537,200.006,-68.81106,270,315,0
0.8350325,4.527684,200.0061,-69.37186,270,315,0
0.8550325,4.340832,200.0061,-69.93266,270,315,0
0.8750325,4.153979,200.0062,-70.49345,270,315,0
0.8950325,3.967126,200.0062,-71.05425,270,315,0
0.9150325,3.780272,200.0063,-71.61505,270,315,0
0.9350325,3.593419,200.0064,-72.17585,270,315,0
0.9550325,3.406565,200.0064,-72.73665,270,315,0
0.9750325,3.219711,200.0065,-73.29745,270,315,0
0.9950325,3.032856,200.0065,-73.85825,270,315,0
1.015033,2.846002,200.0066,-74.41904,270,315,0
1.035033,2.659147,200.0067,-74.97984,270,315,0
1.055032,2.472292,200.0067,-75.54064,270,315,0
1.075032,2.285436,200.0068,-76.10144,270,315,0
1.095032,2.098581,200.0069,-76.66224,270,315,0
1.115033,1.911725,200.0069,-77.22304,270,315,0
1.135033,1.724869,200.007,-77.78384,270,315,0
1.155033,1.538013,200.007,-78.34464,270,315,0
1.175032,1.351156,200.0071,-78.90543,270,315,0
1.195032,1.164299,200.0072,-79.46623,270,315,0
1.215032,0.9774425,200.0072,-80.02703,270,315,0
1.235033,0.7905853,200.0073,-80.58783,270,315,0
1.255033,0.6037278,200.0073,-81.14863,270,315,0
1.275033,0.4168701,200.0074,-81.70943,270,315,0
1.295033,0.2300121,200.0075,-82.27023,270,315,0
1.315032,0.04315394,200.0075,-82.83102,270,315,0
1.335032,-0.1437045,200.0076,-83.39182,270,315,0
1.355032,-0.3305632,200.0076,-83.95262,270,315,0
1.375033,-0.5174221,200.0077,-84.51342,270,315,0
1.395033,-0.7042813,200.0078,-85.07422,270,315,0
1.415033,-0.8911408,200.0078,-85.63501,270,315,0
1.435032,-1.078,200.0079,-86.1958,270,315,0
1.455032,-1.26486,200.0079,-86.75659,270,315,0
1.475032,-1.451721,200.008,-87.31738,270,315,0
1.495033,-1.638581,200.0081,-87.87817,270,315,0
1.515033,-1.825442,200.0081,-88.43896,270,315,0
1.535033,-2.012303,200.0082,-88.99976,270,315,0
1.555032,-2.199164,200.0083,-89.56055,270,315,0
1.575032,-2.386025,200.0083,-90.12134,270,315,0
1.595032,-2.572886,200.0084,-90.68213,270,315,0
1.615033,-2.759748,200.0084,-91.24292,270,315,0
1.635033,-2.946611,200.0085,-91.80371,270,315,0
1.655033,-3.133473,200.0086,-92.3645,270,315,0
1.675032,-3.320336,200.0086,-92.92529,270,315,0
1.695032,-3.507199,200.0087,-93.48608,270,315,0
1.715032,-3.694062,200.0087,-94.04688,270,315,0
1.735032,-3.880925,200.0088,-94.60767,270,315,0
1.755033,-4.067789,200.0089,-95.16846,270,315,0
1.775033,-4.254653,200.0089,-95.72925,270,315,0
1.795033,-4.441517,200.009,-96.29004,270,315,0
1.815032,-4.628381,200.009,-96.85083,270,315,0
1.835032,-4.815246,200.0091,-97.41162,270,315,0
1.855032,-5.00211,200.0092,-97.97241,270,315,0
1.875033,-5.188976,200.0092,-98.5332,270,315,0
1.895033,-5.375841,200.0093,-99.09399,270,315,0
1.915033,-5.562707,200.0094,-99.65479,270,315,0
1.935032,-5.749573,200.0094,-100.2156,270,315,0
1.955032,-5.936439,200.0095,-100.7764,270,315,0
1.975032,-6.123305,200.0095,-101.3372,270,315,0
1.995032,-6.310172,200.0096,-101.8979,270,315,0
2.015033,-6.497039,200.0097,-102.4587,270,315,0
2.035033,-6.683906,200.0097,-103.0195,270,315,0
2.055032,-6.870773,200.0098,-103.5803,270,315,0
2.075032,-7.057641,200.0098,-104.1411,270,315,0
2.095032,-7.244509,200.0099,-104.7019,270,315,0
2.115032,-7.431377,200.01,-105.2627,270,315,0
2.135032,-7.618246,200.01,-105.8235,270,315,0
2.155032,-7.805114,200.0101,-106.3843,270,315,0
2.175032,-7.991983,200.0101,-106.9451,270,315,0
2.195033,-8.178853,200.0102,-107.5059,270,315,0
2.215033,-8.365723,200.0103,-108.0667,270,315,0
2.235033,-8.552592,200.0103,-108.6274,270,315,0
2.255033,-8.739462,200.0104,-109.1882,270,315,0
2.275033,-8.926332,200.0105,-109.749,270,315,0
2.295033,-9.113203,200.0105,-110.3098,270,315,0
2.315032,-9.300074,200.0106,-110.8706,270,315,0
2.335032,-9.486944,200.0106,-111.4314,270,315,0
2.355032,-9.673816,200.0107,-111.9922,270,315,0
2.375032,-9.860687,200.0108,-112.553,270,315,0
2.395032,-10.04756,200.0108,-113.1138,270,315,0
2.415032,-10.23443,200.0109,-113.6746,270,315,0
2.435032,-10.4213,200.0109,-114.2354,270,315,0
2.455033,-10.60818,200.011,-114.7961,270,315,0
2.475033,-10.79505,200.0111,-115.3569,270,315,0
2.495033,-10.98192,200.0111,-115.9177,270,315,0
2.515033,-11.1688,200.0112,-116.4785,270,315,0
2.535033,-11.35567,200.0112,-117.0393,270,315,0
2.555032,-11.54254,200.0113,-117.6001,270,315,0
2.575032,-11.72942,200.0114,-118.1609,270,315,0
2.595032,-11.91629,200.0114,-118.7217,270,315,0
2.615032,-12.10317,200.0115,-119.2825,270,315,0
2.635032,-12.29004,200.0116,-119.8433,270,315,0
2.655032,-12.47692,200.0116,-120.4041,270,315,0
2.675032,-12.66379,200.0117,-120.9648,270,315,0
2.695032,-12.85067,200.0117,-121.5256,270,315,0
2.715033,-13.03754,200.0118,-122.0864,270,315,0
2.735033,-13.22442,200.0119,-122.6472,270,315,0
2.755033,-13.4113,200.0119,-123.208,270,315,0
2.775033,-13.59817,200.012,-123.7688,270,315,0
2.795033,-13.78505,200.012,-124.3296,270,315,0
2.815032,-13.97193,200.0121,-124.8904,270,315,0
2.835032,-14.15881,200.0122,-125.4512,270,315,0
2.855032,-14.34568,200.0122,-126.012,270,315,0
2.875032,-14.53256,200.0123,-126.5728,270,315,0
2.895032,-14.71944,200.0123,-127.1335,270,315,0
2.915032,-14.90632,200.0124,-127.6943,270,315,0
2.935032,-15.0932,200.0124,-128.2551,270,315,0
2.955032,-15.28008,200.0125,-128.8159,270,315,0
2.975033,-15.46696,200.0125,-129.3767,270,315,0
2.995033,-15.65384,200.0126,-129.9375,270,315,0
3.015033,-15.84072,200.0126,-130.4983,270,315,0
3.035033,-16.0276,200.0127,-131.0591,270,315,0
3.055032,-16.21448,200.0127,-131.6199,270,315,0
3.075032,-16.40136,200.0128,-132.1807,270,315,0
3.095032,-16.58824,200.0128,-132.7415,270,315,0
3.115032,-16.77512,200.0128,-133.3022,270,315,0
3.135032,-16.962,200.0129,-133.863,270,315,0
3.155032,-17.14889,200.0129,-134.4238,270,315,0
3.175032,-17.33577,200.013,-134.9846,270,315,0
3.195032,-17.52265,200.013,-135.5454,270,315,0
3.215033,-17.70953,200.0131,-136.1062,270,315,0
3.235033,-17.89642,200.0131,-136.667,270,315,0
3.255033,-18.0833,200.0132,-137.2278,270,315,0
3.275033,-18.27018,200.0132,-137.7886,270,315,0
3.295033,-18.45707,200.0133,-138.3494,270,315,0
3.315032,-18.64395,200.0133,-138.9102,270,315,0
3.335032,-18.83084,200.0134,-139.4709,270,315,0
3.355032,-19.01772,200.0134,-140.0317,270,315,0
3.375032,-19.20461,200.0134,-140.5925,270,315,0
3.395032,-19.39149,200.0135,-141.1533,270,315,0
3.415032,-19.57838,200.0135,-141.7141,270,315,0
3.435032,-19.76526,200.0136,-142.2749,270,315,0
3.455032,-19.95215,200.0136,-142.8357,270,315,0
3.475033,-20.13904,200.0137,-143.3965,270,315,0
3.495033,-20.32592,200.0137,-143.9573,270,315,0
3.515033,-20.51281,200.0138,-144.5181,270,315,0
3.535033,-20.6997,200.0138,-145.0789,270,315,0
3.555032,-20.88659,200.0139,-145.6396,270,315,0
3.575032,-21.07347,200.0139,-146.2004,270,315,0
3.595032,-21.26036,200.0139,-146.7612,270,315,0
3.615032,-21.44725,200.014,-147.322,270,315,0
3.635032,-21.63414,200.014,-147.8828,270,315,0
3.655032,-21.82103,200.0141,-148.4436,270,315,0
3.675032,-22.00792,200.0141,-149.0044,270,315,0
3.695032,-22.19481,200.0142,-149.5652,270,315,0
3.715032,-22.3817,200.0142,-150.126,270,315,0
3.735033,-22.56859,200.0143,-150.6868,270,315,0
3.755033,-22.75548,200.0143,-151.2476,270,315,0
3.775033,-22.94237,200.0144,-151.8083,270,315,0
3.795033,-23.12926,200.0144,-152.3691,270,315,0
3.815032,-23.31615,200.0145,-152.9299,270,315,0
3.835032,-23.50305,200.0145,-153.4907,270,315,0
3.855032,-23.68994,200.0145,-154.0515,270,315,0
3.875032,-23.87683,200.0146,-154.6123,270,315,0
3.895032,-24.06372,200.0146,-155.1731,270,315,0
3.915032,-24.25062,200.0147,-155.7339,270,315,0
3.935032,-24.43751,200.0147,-156.2947,270,315,0
3.955032,-24.6244,200.0148,-156.8555,270,315,0
3.975032,-24.8113,200.0148,-157.4162,270,315,0
3.995033,-24.99819,200.0149,-157.977,270,315,0
4.015032,-25.18509,200.0149,-158.5378,270,315,0
4.035032,-25.37198,200.015,-159.0986,270,315,0
4.055032,-25.55888,200.015,-159.6593,270,315,0
4.075032,-25.74577,200.015,-160.2201,270,315,0
4.095032,-25.93267,200.0151,-160.7809,270,315,0
4.115033,-26.11956,200.0151,-161.3417,270,315,0
4.135033,-26.30646,200.0152,-161.9025,270,315,0
4.155033,-26.49335,200.0152,-162.4632,270,315,0
4.175033,-26.68025,200.0153,-163.024,270,315,0
4.195033,-26.86715,200.0153,-163.5848,270,315,0
4.215033,-27.05405,200.0154,-164.1456,270,315,0
4.235033,-27.24094,200.0154,-164.7063,270,315,0
4.255033,-27.42784,200.0155,-165.2671,270,315,0
4.275033,-27.61474,200.0155,-165.8279,270,315,0
4.295033,-27.80164,200.0155,-166.3887,270,315,0
4.315032,-27.98854,200.0156,-166.9494,270,315,0
4.335032,-28.17544,200.0156,-167.5102,270,315,0
4.355032,-28.36234,200.0157,-168.071,270,315,0
4.375032,-28.54924,200.0157,-168.6318,270,315,0
4.395032,-28.73614,200.0158,-169.1925,270,315,0
4.415032,-28.92304,200.0158,-169.7533,270,315,0
4.435032,-29.10994,200.0159,-170.3141,270,315,0
4.455032,-29.29684,200.0159,-170.8749,270,315,0
4.475032,-29.48374,200.016,-171.4356,270,315,0
4.495032,-29.67064,200.016,-171.9964,270,315,0
4.515032,-29.85755,200.0161,-172.5572,270,315,0
4.535032,-30.04445,200.0161,-173.118,270,315,0
4.555032,-30.23135,200.0161,-173.6787,270,315,0
4.575032,-30.41825,200.0162,-174.2395,270,315,0
4.595032,-30.60516,200.0162,-174.8003,270,315,0
4.615032,-30.79206,200.0163,-175.3611,270,315,0
4.635033,-30.97896,200.0163,-175.9218,270,315,0
4.655033,-31.16587,200.0164,-176.4826,270,315,0
4.675033,-31.35277,200.0164,-177.0434,270,315,0
4.695033,-31.53968,200.0165,-177.6042,270,315,0
4.715033,-31.72658,200.0165,-178.1649,270,315,0
4.735033,-31.91349,200.0166,-178.7257,270,315,0
4.755033,-32.1004,200.0166,-179.2865,270,315,0
4.775033,-32.2873,200.0166,-179.8473,270,315,0
4.795033,-32.47421,200.0167,-180.4081,270,315,0
4.815032,-32.66111,200.0167,-180.9688,270,315,0
4.835032,-32.84802,200.0168,-181.5296,270,315,0
4.855032,-33.03493,200.0168,-182.0904,270,315,0
4.875032,-33.22184,200.0169,-182.6512,270,315,0
4.895032,-33.40874,200.0169,-183.2119,270,315,0
4.915032,-33.59565,200.017,-183.7727,270,315,0
4.935032,-33.78256,200.017,-184.3335,270,315,0
4.955032,-33.96947,200.0171,-184.8943,270,315,0
4.975032,-34.15638,200.0171,-185.455,270,315,0
4.995032,-34.34329,200.0172,-186.0158,270,315,0
5.015032,-34.5302,200.0172,-186.5766,270,315,0
5.035032,-34.71711,200.0172,-187.1374,270,315,0
5.055032,-34.90401,200.0173,-187.6981,270,315,0
5.075032,-35.09093,200.0173,-188.2589,270,315,0
5.095032,-35.27784,200.0174,-188.8197,270,315,0
5.115032,-35.46475,200.0174,-189.3805,270,315,0
5.135033,-35.65166,200.0175,-189.9412,270,315,0
5.155033,-35.83858,200.0175,-190.502,270,315,0
5.175033,-36.02549,200.0176,-191.0628,270,315,0
5.195033,-36.2124,200.0176,-191.6236,270,315,0
5.215033,-36.39931,200.0177,-192.1843,270,315,0
5.235033,-36.58623,200.0177,-192.7451,270,315,0
5.255033,-36.77314,200.0177,-193.3059,270,315,0
5.275033,-36.96005,200.0178,-193.8667,270,315,0
5.295033,-37.14697,200.0178,-194.4274,270,315,0
5.315032,-37.33389,200.0179,-194.9882,270,315,0
5.335032,-37.5208,200.0179,-195.549,270,315,0
5.355032,-37.70772,200.018,-196.1098,270,315,0
5.375032,-37.89463,200.018,-196.6705,270,315,0
5.395032,-38.08155,200.0181,-197.2313,270,315,0
5.415032,-38.26847,200.0181,-197.7921,270,315,0
5.435032,-38.45538,200.0182,-198.3529,270,315,0
5.455032,-38.6423,200.0182,-198.9137,270,315,0
5.475032,-38.82922,200.0182,-199.4744,270,315,0
5.495032,-39.01613,200.0182,-200.0352,270,315,0
5.515032,-39.20305,200.0183,-200.596,270,315,0
5.535032,-39.38997,200.0183,-201.1568,270,315,0
5.555032,-39.57689,200.0183,-201.7175,270,315,0
5.575032,-39.76381,200.0184,-202.2783,270,315,0
5.595032,-39.95073,200.0184,-202.8391,270,315,0
5.615032,-40.13765,200.0184,-203.3999,270,315,0
5.635032,-40.32457,200.0185,-203.9606,270,315,0
5.655033,-40.51149,200.0185,-204.5214,270,315,0
5.675033,-40.69841,200.0185,-205.0822,270,315,0
5.695033,-40.88533,200.0186,-205.643,270,315,0
5.715033,-41.07225,200.0186,-206.2037,270,315,0
5.735033,-41.25917,200.0186,-206.7645,270,315,0
5.755033,-41.44609,200.0186,-207.3253,270,315,0
5.775033,-41.63302,200.0187,-207.8861,270,315,0
5.795033,-41.81994,200.0187,-208.4468,270,315,0
5.815032,-42.00687,200.0187,-209.0076,270,315,0
5.835032,-42.19379,200.0188,-209.5684,270,315,0
5.855032,-42.38071,200.0188,-210.1292,270,315,0
5.875032,-42.56764,200.0188,-210.6899,270,315,0
5.895032,-42.75456,200.0189,-211.2507,270,315,0
5.915032,-42.94149,200.0189,-211.8115,270,315,0
5.935032,-43.12841,200.0189,-212.3723,270,315,0
5.955032,-43.31533,200.019,-212.933,270,315,0
5.975032,-43.50226,200.019,-213.4938,270,315,0
5.995032,-43.68919,200.019,-214.0546,270,315,0
6.015032,-43.87612,200.019,-214.6154,270,315,0
6.035032,-44.06305,200.0191,-215.1761,270,315,0
6.055032,-44.24997,200.0191,-215.7369,270,315,0
6.075032,-44.4369,200.0191,-216.2977,270,315,0
6.095032,-44.62383,200.0192,-216.8585,270,315,0
6.115032,-44.81076,200.0192,-217.4193,270,315,0
6.135032,-44.99768,200.0192,-217.98,270,315,0
6.155032,-45.18461,200.0193,-218.5408,270,315,0
6.175033,-45.37154,200.0193,-219.1016,270,315,0
6.195033,-45.55848,200.0193,-219.6624,270,315,0
6.215033,-45.74541,200.0193,-220.2231,270,315,0
6.235033,-45.93234,200.0194,-220.7839,270,315,0
6.255033,-46.11927,200.0194,-221.3447,270,315,0
6.275033,-46.3062,200.0194,-221.9055,270,315,0
6.295033,-46.49313,200.0195,-222.4662,270,315,0
6.315032,-46.68007,200.0195,-223.027,270,315,0
6.335032,-46.867,200.0195,-223.5878,270,315,0
6.355032,-47.05393,200.0196,-224.1486,270,315,0
6.375032,-47.24086,200.0196,-224.7093,270,315,0
6.395032,-47.4278,200.0196,-225.2701,270,315,0
6.415032,-47.61473,200.0197,-225.8309,270,315,0
6.435032,-47.80167,200.0197,-226.3917,270,315,0
6.455032,-47.9886,200.0197,-226.9524,270,315,0
6.475032,-48.17554,200.0197,-227.5132,270,315,0
6.495032,-48.36247,200.0198,-228.074,270,315,0
6.515032,-48.54941,200.0198,-228.6348,270,315,0
6.535032,-48.73634,200.0198,-229.1955,270,315,0
6.555032,-48.92328,200.0199,-229.7563,270,315,0
6.575032,-49.11021,200.0199,-230.3171,270,315,0
6.595032,-49.29715,200.0199,-230.8779,270,315,0
6.615032,-49.48409,200.02,-231.4386,270,315,0
6.635032,-49.67103,200.02,-231.9994,270,315,0
6.655032,-49.85797,200.02,-232.5602,270,315,0
6.675033,-50.04491,200.0201,-233.121,270,315,0
6.695033,-50.23185,200.0201,-233.6817,270,315,0
6.715033,-50.41879,200.0201,-234.2425,270,315,0
6.735033,-50.60573,200.0201,-234.8033,270,315,0
6.755033,-50.79267,200.0202,-235.364,270,315,0
6.775033,-50.97961,200.0202,-235.9248,270,315,0
6.795033,-51.16655,200.0202,-236.4855,270,315,0
6.815032,-51.35349,200.0203,-237.0463,270,315,0
6.835032,-51.54044,200.0203,-237.6071,270,315,0
6.855032,-51.72738,200.0203,-238.1678,270,315,0
6.875032,-51.91432,200.0204,-238.7286,270,315,0
6.895032,-52.10126,200.0204,-239.2893,270,315,0
6.915032,-52.28821,200.0204,-239.8501,270,315,0
6.935032,-52.47515,200.0204,-240.4109,270,315,0
6.955032,-52.66209,200.0205,-240.9716,270,315,0
6.975032,-52.84904,200.0205,-241.5324,270,315,0
6.995032,-53.03598,200.0205,-242.0931,270,315,0
7.015032,-53.22293,200.0206,-242.6539,270,315,0
7.035032,-53.40988,200.0206,-243.2147,270,315,0
7.055032,-53.59682,200.0206,-243.7754,270,315,0
7.075032,-53.78377,200.0207,-244.3362,270,315,0
7.095032,-53.97072,200.0207,-244.8969,270,315,0
7.115032,-54.15767,200.0207,-245.4577,270,315,0
7.135032,-54.34461,200.0208,-246.0185,270,315,0
7.155032,-54.53156,200.0208,-246.5792,270,315,0
7.175032,-54.71851,200.0208,-247.14,270,315,0
7.195033,-54.90546,200.0208,-247.7007,270,315,0
7.215033,-55.09241,200.0209,-248.2615,270,315,0
7.235033,-55.27936,200.0209,-248.8223,270,315,0
7.255033,-55.46631,200.0209,-249.383,270,315,0
7.275033,-55.65326,200.021,-249.9438,270,315,0
7.295033,-55.84021,200.021,-250.5045,270,315,0
7.315032,-56.02716,200.021,-251.0653,270,315,0
7.335032,-56.21412,200.0211,-251.6261,270,315,0
7.355032,-56.40107,200.0211,-252.1868,270,315,0
7.375032,-56.58802,200.0211,-252.7476,270,315,0
7.395032,-56.77497,200.0211,-253.3083,270,315,0
7.415032,-56.96193,200.0212,-253.8691,270,315,0
7.435032,-57.14888,200.0212,-254.4299,270,315,0
7.455032,-57.33584,200.0212,-254.9906,270,315,0
7.475032,-57.52279,200.0213,-255.5514,270,315,0
7.495032,-57.70975,200.0213,-256.1122,270,315,0
7.515032,-57.8967,200.0213,-256.6729,270,315,0
7.535032,-58.08366,200.0213,-257.2337,270,315,0
7.555032,-58.27061,200.0213,-257.7944,270,315,0
7.575032,-58.45757,200.0214,-258.3552,270,315,0
7.595032,-58.64453,200.0214,-258.916,270,315,0
7.615032,-58.83149,200.0214,-259.4767,270,315,0
7.635032,-59.01845,200.0214,-260.0375,270,315,0
7.655032,-59.20541,200.0214,-260.5982,270,315,0
7.675032,-59.39236,200.0214,-261.159,270,315,0
7.695033,-59.57932,200.0215,-261.7198,270,315,0
7.715033,-59.76628,200.0215,-262.2805,270,315,0
7.735033,-59.95324,200.0215,-262.8413,270,315,0
7.755033,-60.14021,200.0215,-263.402,270,315,0
7.775033,-60.32717,200.0215,-263.9628,270,315,0
7.795033,-60.51413,200.0215,-264.5236,270,315,0
7.815032,-60.70109,200.0215,-265.0843,270,315,0
7.835032,-60.88805,200.0216,-265.6451,270,315,0
7.855032,-61.07502,200.0216,-266.2058,270,315,0
7.875032,-61.26198,200.0216,-266.7666,270,315,0
7.895032,-61.44894,200.0216,-267.3274,270,315,0
7.915032,-61.63591,200.0216,-267.8881,270,315,0
7.935032,-61.82287,200.0216,-268.4489,270,315,0
7.955032,-62.00984,200.0217,-269.0096,270,315,0
7.975032,-62.1968,200.0217,-269.5704,270,315,0
7.995032,-62.38377,200.0217,-270.1312,270,315,0
8.015033,-62.57074,200.0217,-270.6919,270,315,0
8.035032,-62.7577,200.0217,-271.2527,270,315,0
8.055033,-62.94467,200.0217,-271.8134,270,315,0
8.075032,-63.13163,200.0217,-272.3742,270,315,0
8.095033,-63.3186,200.0218,-272.935,270,315,0
8.115032,-63.50557,200.0218,-273.4957,270,315,0
8.135033,-63.69254,200.0218,-274.0565,270,315,0
8.155032,-63.87951,200.0218,-274.6172,270,315,0
8.175033,-64.06648,200.0218,-275.178,270,315,0
8.195032,-64.25346,200.0218,-275.7388,270,315,0
8.215033,-64.44043,200.0219,-276.2995,270,315,0
8.235032,-64.6274,200.0219,-276.8603,270,315,0
8.255033,-64.81438,200.0219,-277.4211,270,315,0
8.275032,-65.00135,200.0219,-277.9818,270,315,0
8.295033,-65.18832,200.0219,-278.5426,270,315,0
8.315032,-65.3753,200.0219,-279.1033,270,315,0
8.335032,-65.56227,200.0219,-279.6641,270,315,0
8.355032,-65.74924,200.022,-280.2249,270,315,0
8.375032,-65.93622,200.022,-280.7856,270,315,0
8.395032,-66.12319,200.022,-281.3464,270,315,0
8.415032,-66.31017,200.022,-281.9071,270,315,0
8.435032,-66.49714,200.022,-282.4679,270,315,0
8.455032,-66.68411,200.022,-283.0287,270,315,0
8.475033,-66.87109,200.022,-283.5894,270,315,0
8.495032,-67.05807,200.0221,-284.1502,270,315,0
8.515033,-67.24505,200.0221,-284.7109,270,315,0
8.535032,-67.43203,200.0221,-285.2717,270,315,0
8.555033,-67.61901,200.0221,-285.8325,270,315,0
8.575032,-67.80599,200.0221,-286.3932,270,315,0
8.595033,-67.99297,200.0221,-286.954,270,315,0
8.615032,-68.17995,200.0222,-287.5147,270,315,0
8.635033,-68.36694,200.0222,-288.0755,270,315,0
8.655032,-68.55392,200.0222,-288.6363,270,315,0
8.675033,-68.7409,200.0222,-289.197,270,315,0
8.695032,-68.92788,200.0222,-289.7578,270,315,0
8.715033,-69.11486,200.0222,-290.3185,270,315,0
8.735032,-69.30184,200.0222,-290.8793,270,315,0
8.755033,-69.48882,200.0223,-291.4401,270,315,0
8.775032,-69.6758,200.0223,-292.0008,270,315,0
8.795033,-69.86279,200.0223,-292.5616,270,315,0
8.815032,-70.04977,200.0223,-293.1223,270,315,0
8.835032,-70.23676,200.0223,-293.6831,270,315,0
8.855032,-70.42375,200.0223,-294.2439,270,315,0
8.875032,-70.61074,200.0224,-294.8046,270,315,0
8.895032,-70.79773,200.0224,-295.3654,270,315,0
8.915032,-70.98472,200.0224,-295.9261,270,315,0
8.935032,-71.17171,200.0224,-296.4869,270,315,0
8.955032,-71.3587,200.0224,-297.0477,270,315,0
8.975033,-71.54568,200.0224,-297.6084,270,315,0
8.995032,-71.73267,200.0224,-298.1692,270,315,0
9.015033,-71.91966,200.0225,-298.7299,270,315,0
9.035032,-72.10665,200.0225,-299.2907,270,315,0
9.055033,-72.29364,200.0225,-299.8515,270,315,0
9.075032,-72.48063,200.0225,-300.4122,270,315,0
9.095033,-72.66762,200.0225,-300.973,270,315,0
9.115032,-72.85461,200.0225,-301.5338,270,315,0
9.135033,-73.04161,200.0226,-302.0945,270,315,0
9.155032,-73.22861,200.0226,-302.6553,270,315,0
9.175033,-73.4156,200.0226,-303.216,270,315,0
9.195032,-73.6026,200.0226,-303.7768,270,315,0
9.215033,-73.7896,200.0226,-304.3376,270,315,0
9.235032,-73.97659,200.0226,-304.8983,270,315,0
9.255033,-74.16359,200.0226,-305.4591,270,315,0
9.275032,-74.35059,200.0226,-306.0198,270,315,0
9.295033,-74.53758,200.0226,-306.5806,270,315,0
9.315032,-74.72458,200.0226,-307.1414,270,315,0
9.335032,-74.91158,200.0226,-307.7021,270,315,0
9.355032,-75.09857,200.0226,-308.2629,270,315,0
9.375032,-75.28557,200.0226,-308.8236,270,315,0
9.395032,-75.47257,200.0226,-309.3844,270,315,0
9.415032,-75.65958,200.0226,-309.9452,270,315,0
9.435032,-75.84658,200.0226,-310.5059,270,315,0
9.455032,-76.03358,200.0226,-311.0667,270,315,0
9.475032,-76.22059,200.0226,-311.6274,270,315,0
9.495032,-76.40759,200.0226,-312.1882,270,315,0
9.515033,-76.5946,200.0226,-312.749,270,315,0
9.535032,-76.7816,200.0226,-313.3097,270,315,0
9.555033,-76.96861,200.0226,-313.8705,270,315,0
9.575032,-77.15561,200.0226,-314.4312,270,315,0
9.595033,-77.34261,200.0226,-314.992,270,315,0
9.615032,-77.52962,200.0226,-315.5528,270,315,0
9.635033,-77.71662,200.0226,-316.1135,270,315,0
9.655032,-77.90363,200.0226,-316.6743,270,315,0
9.675033,-78.09064,200.0226,-317.235,270,315,0
9.695032,-78.27765,200.0226,-317.7957,270,315,0
9.715033,-78.46466,200.0226,-318.3565,270,315,0
9.735032,-78.65167,200.0226,-318.9172,270,315,0
9.755033,-78.83868,200.0226,-319.4779,270,315,0
9.775032,-79.0257,200.0226,-320.0387,270,315,0
9.795033,-79.21271,200.0226,-320.5994,270,315,0
9.815032,-79.39972,200.0226,-321.1601,270,315,0
9.835032,-79.58673,200.0226,-321.7209,270,315,0
9.855032,-79.77374,200.0226,-322.2816,270,315,0
9.875032,-79.96075,200.0226,-322.8423,270,315,0
9.895032,-80.14777,200.0226,-323.403,270,315,0
9.915032,-80.33478,200.0226,-323.9638,270,315,0
9.935032,-80.52179,200.0226,-324.5245,270,315,0
9.955032,-80.70881,200.0226,-325.0852,270,315,0
9.975032,-80.89583,200.0226,-325.646,270,315,0
9.995032,-81.08285,200.0226,-326.2067,270,315,0
10.01503,-81.26987,200.0226,-326.7674,270,315,0
10.03503,-81.45689,200.0226,-327.3282,270,315,0
10.05503,-81.64391,200.0226,-327.8889,270,315,0
10.07503,-81.83092,200.0226,-328.4496,270,315,0
10.09503,-82.01794,200.0226,-329.0103,270,315,0
10.11503,-82.20496,200.0226,-329.5711,270,315,0
10.13503,-82.39198,200.0226,-330.1318,270,315,0
10.15503,-82.579,200.0226,-330.6925,270,315,0
10.17503,-82.76602,200.0226,-331.2533,270,315,0
10.19503,-82.95304,200.0226,-331.814,270,315,0
10.21503,-83.14007,200.0226,-332.3747,270,315,0
10.23503,-83.3271,200.0226,-332.9355,270,315,0
10.25503,-83.51412,200.0226,-333.4962,270,315,0
10.27503,-83.70115,200.0226,-334.0569,270,315,0
10.29503,-83.88818,200.0226,-334.6176,270,315,0
10.31503,-84.0752,200.0226,-335.1784,270,315,0
10.33503,-84.26223,200.0226,-335.7391,270,315,0
10.35503,-84.44926,200.0226,-336.2998,270,315,0
10.37503,-84.63628,200.0226,-336.8606,270,315,0
10.39503,-84.82331,200.0226,-337.4213,270,315,0
10.41503,-85.01034,200.0226,-337.982,270,315,0
10.43503,-85.19736,200.0226,-338.5428,270,315,0
10.45503,-85.3844,200.0226,-339.1035,270,315,0
10.47503,-85.57143,200.0226,-339.6642,270,315,0
10.49503,-85.75847,200.0226,-340.2249,270,315,0
10.51503,-85.9455,200.0226,-340.7857,270,315,0
10.53503,-86.13254,200.0225,-341.3464,270,315,0
10.55503,-86.31957,200.0225,-341.9071,270,315,0
10.57503,-86.50661,200.0225,-342.4679,270,315,0
10.59503,-86.69364,200.0225,-343.0286,270,315,0
10.61503,-86.88068,200.0225,-343.5893,270,315,0
10.63503,-87.06771,200.0225,-344.1501,270,315,0
10.65503,-87.25475,200.0224,-344.7108,270,315,0
10.67503,-87.44178,200.0224,-345.2715,270,315,0
10.69503,-87.62882,200.0224,-345.8322,270,315,0
10.71503,-87.81586,200.0224,-346.393,270,315,0
10.73503,-88.00291,200.0224,-346.9537,270,315,0
10.75503,-88.18995,200.0224,-347.5144,270,315,0
10.77503,-88.37699,200.0224,-348.0752,270,315,0
10.79503,-88.56403,200.0223,-348.6359,270,315,0
10.81503,-88.75108,200.0223,-349.1966,270,315,0
10.83503,-88.93812,200.0223,-349.7574,270,315,0
10.85503,-89.12516,200.0223,-350.3181,270,315,0
10.87503,-89.3122,200.0223,-350.8788,270,315,0
10.89503,-89.49924,200.0223,-351.4395,270,315,0
10.91503,-89.68629,200.0222,-352.0003,270,315,0
10.93503,-89.87334,200.0222,-352.561,270,315,0
10.95503,-90.06039,200.0222,-353.1217,270,315,0
10.97503,-90.24744,200.0222,-353.6825,270,315,0
10.99503,-90.43449,200.0222,-354.2432,270,315,0
11.01503,-90.62154,200.0222,-354.8039,270,315,0
11.03503,-90.80859,200.0222,-355.3647,270,315,0
11.05503,-90.99564,200.0221,-355.9254,270,315,0
11.07503,-91.18269,200.0221,-356.4861,270,315,0
11.09503,-91.36974,200.0221,-357.0468,270,315,0
11.11503,-91.55679,200.0221,-357.6076,270,315,0
11.13503,-91.74384,200.0221,-358.1683,270,315,0
11.15503,-91.93089,200.0221,-358.729,270,315,0
11.17503,-92.11795,200.022,-359.2898,270,315,0
11.19503,-92.30501,200.022,-359.8505,270,315,0
11.21503,-92.49207,200.022,-360.4112,270,315,0
11.23503,-92.67912,200.022,-360.972,270,315,0
11.25503,-92.86618,200.022,-361.5327,270,315,0
11.27503,-93.05324,200.022,-362.0934,270,315,0
11.29503,-93.2403,200.022,-362.6541,270,315,0
11.31503,-93.42735,200.0219,-363.2149,270,315,0
11.33503,-93.61441,200.0219,-363.7756,270,315,0
11.35503,-93.80148,200.0219,-364.3363,270,315,0
11.37503,-93.98854,200.0219,-364.8971,270,315,0
11.39503,-94.17561,200.0219,-365.4578,270,315,0
11.41503,-94.36267,200.0219,-366.0185,270,315,0
11.43503,-94.54974,200.0219,-366.5793,270,315,0
11.45503,-94.7368,200.0218,-367.14,270,315,0
11.47503,-94.92387,200.0218,-367.7007,270,315,0
11.49503,-95.11093,200.0218,-368.2614,270,315,0
11.51503,-95.298,200.0218,-368.8222,270,315,0
11.53503,-95.48506,200.0218,-369.3829,270,315,0
11.55503,-95.67213,200.0218,-369.9436,270,315,0
11.57503,-95.85921,200.0217,-370.5044,270,315,0
11.59503,-96.04628,200.0217,-371.0651,270,315,0
11.61503,-96.23335,200.0217,-371.6258,270,315,0
11.63503,-96.42043,200.0217,-372.1866,270,315,0
11.65503,-96.6075,200.0216,-372.7473,270,315,0
11.67503,-96.79457,200.0216,-373.308,270,315,0
11.69503,-96.98164,200.0216,-373.8687,270,315,0
11.71503,-97.16872,200.0215,-374.4295,270,315,0
11.73503,-97.3558,200.0215,-374.9902,270,315,0
11.75503,-97.54288,200.0215,-375.5509,270,315,0
11.77503,-97.72996,200.0215,-376.1117,270,315,0
11.79503,-97.91704,200.0214,-376.6724,270,315,0
11.81503,-98.10412,200.0214,-377.2331,270,315,0
11.83503,-98.2912,200.0214,-377.7939,270,315,0
11.85503,-98.47828,200.0213,-378.3546,270,315,0
11.87503,-98.66536,200.0213,-378.9153,270,315,0
11.89503,-98.85244,200.0213,-379.476,270,315,0
11.91503,-99.03952,200.0212,-380.0368,270,315,0
11.93503,-99.22661,200.0212,-380.5975,270,315,0
11.95503,-99.4137,200.0212,-381.1582,270,315,0
11.97503,-99.60078,200.0211,-381.719,270,315,0
11.99503,-99.78787,200.0211,-382.2797,270,315,0
12.01503,-99.97496,200.0211,-382.8404,270,315,0
12.03503,-100.162,200.0211,-383.4012,270,315,0
12.05503,-100.3491,200.021,-383.9619,270,315,0
12.07503,-100.5362,200.021,-384.5226,270,315,0
12.09503,-100.7233,200.021,-385.0833,270,315,0
12.11503,-100.9104,200.0209,-385.6441,270,315,0
12.13503,-101.0975,200.0209,-386.2048,270,315,0
12.15503,-101.2846,200.0209,-386.7655,270,315,0
12.17503,-101.4717,200.0208,-387.3263,270,315,0
12.19503,-101.6588,200.0208,-387.887,270,315,0
12.21503,-101.8459,200.0208,-388.4477,270,315,0
12.23503,-102.033,200.0208,-389.0085,270,315,0
12.25503,-102.2201,200.0207,-389.5692,270,315,0
12.27503,-102.4072,200.0207,-390.1299,270,315,0
12.29503,-102.5943,200.0207,-390.6906,270,315,0
12.31503,-102.7814,200.0206,-391.2513,270,315,0
12.33503,-102.9685,200.0206,-391.812,270,315,0
12.35503,-103.1556,200.0206,-392.3727,270,315,0
12.37503,-103.3427,200.0205,-392.9333,270,315,0
12.39503,-103.5298,200.0205,-393.494,270,315,0
12.41503,-103.7169,200.0205,-394.0547,270,315,0
12.43503,-103.904,200.0204,-394.6154,270,315,0
12.45503,-104.0911,200.0204,-395.1761,270,315,0
12.47503,-104.2783,200.0204,-395.7368,270,315,0
12.49503,-104.4654,200.0203,-396.2975,270,315,0
12.51503,-104.6525,200.0203,-396.8582,270,315,0
12.53503,-104.8396,200.0202,-397.4189,270,315,0
12.55503,-105.0267,200.0202,-397.9796,270,315,0
12.57503,-105.2138,200.0201,-398.5403,270,315,0
12.59503,-105.4009,200.0201,-399.101,270,315,0
12.61503,-105.588,200.0201,-399.6617,270,315,0
12.63503,-105.7752,200.02,-400.2224,270,315,0
12.65503,-105.9623,200.02,-400.7831,270,315,0
12.67503,-106.1494,200.0199,-401.3438,270,315,0
12.69503,-106.3365,200.0199,-401.9045,270,315,0
12.71503,-106.5236,200.0198,-402.4652,270,315,0
12.73503,-106.7108,200.0198,-403.0259,270,315,0
12.75503,-106.8979,200.0197,-403.5866,270,315,0
12.77503,-107.085,200.0197,-404.1473,270,315,0
12.79503,-107.2721,200.0196,-404.708,270,315,0
12.81503,-107.4596,200.0196,-405.2699,270,315,0
12.83503,-107.6475,200.0195,-405.8327,270,315,0
12.85503,-107.8356,200.0195,-406.3965,270,315,0
12.87503,-108.0241,200.0195,-406.9611,270,315,0
12.89503,-108.2128,200.0194,-407.5264,270,315,0
12.91503,-108.4017,200.0193,-408.0924,270,315,0
12.93503,-108.5908,200.0193,-408.6589,270,315,0
12.95503,-108.7801,200.0192,-409.226,270,315,0
12.97503,-108.9695,200.0192,-409.7934,270,315,0
12.99503,-109.159,200.0191,-410.3612,270,315,0
13.01503,-109.3486,200.019,-410.9292,270,315,0
13.03503,-109.5383,200.019,-411.4973,270,315,0
13.05503,-109.7279,200.0189,-412.0656,270,315,0
13.07503,-109.9176,200.0189,-412.6338,270,315,0
13.09503,-110.1073,200.0188,-413.2019,270,315,0
13.11503,-110.2969,200.0187,-413.77,270,315,0
13.13503,-110.4865,200.0187,-414.3378,270,315,0
13.15503,-110.6759,200.0186,-414.9053,270,315,0
13.17503,-110.8653,200.0185,-415.4724,270,315,0
13.19503,-111.0545,200.0184,-416.0392,270,315,0
13.21503,-111.2435,200.0184,-416.6054,270,315,0
13.23503,-111.4324,200.0183,-417.1711,270,315,0
13.25503,-111.6211,200.0182,-417.7362,270,315,0
13.27503,-111.8095,200.0181,-418.3007,270,315,0
13.29503,-111.9977,200.0181,-418.8643,270,315,0
13.31503,-112.1857,200.018,-419.4272,270,315,0
13.33503,-112.3733,200.0179,-419.9892,270,315,0
13.35503,-112.5607,200.0178,-420.5504,270,315,0
13.37503,-112.7477,200.0178,-421.1105,270,315,0
13.39503,-112.9344,200.0177,-421.6696,270,315,0
13.41503,-113.1208,200.0176,-422.2277,270,315,0
13.43503,-113.3068,200.0175,-422.7847,270,315,0
13.45503,-113.4923,200.0175,-423.3405,270,315,0
13.47503,-113.6775,200.0174,-423.895,270,315,0
13.49503,-113.8623,200.0173,-424.4483,270,315,0
13.51503,-114.0466,200.0172,-425.0003,270,315,0
13.53503,-114.2305,200.0171,-425.5509,270,315,0
13.55503,-114.4139,200.017,-426.1001,270,315,0
13.57503,-114.5968,200.017,-426.6478,270,315,0
13.59503,-114.7792,200.0169,-427.1941,270,315,0
13.61503,-114.9611,200.0168,-427.7388,270,315,0
13.63503,-115.1425,200.0167,-428.282,270,315,0
13.65503,-115.3233,200.0166,-428.8235,270,315,0
13.67503,-115.5036,200.0165,-429.3634,270,315,0
13.69503,-115.6834,200.0164,-429.9016,270,315,0
13.71503,-115.8625,200.0163,-430.438,270,315,0
13.73503,-116.0411,200.0162,-430.9727,270,315,0
13.75503,-116.2191,200.0161,-431.5056,270,315,0
13.77503,-116.3965,200.016,-432.0367,270,315,0
