0,282.5085,200,-51.53198,270,315,0
0.02,282.5085,200,-51.53198,270,315,0
0.04,281.7324,200.0189,-51.32362,270,315,0
0.06,281.23,200.0057,-51.1895,270,315,0
0.08,280.6361,200.013,-51.02976,270,315,0
0.09999999,280.0727,200.0098,-50.87855,270,315,0
0.12,279.4992,200.0115,-50.72462,270,315,0
0.14,278.929,200.011,-50.57151,270,315,0
0.16,278.3578,200.0115,-50.41817,270,315,0
0.18,277.7868,200.0116,-50.26489,270,315,0
0.2,277.2158,200.0118,-50.1116,270,315,0
0.22,276.6448,200.012,-49.9583,270,315,0
0.24,276.0738,200.0122,-49.80501,270,315,0
0.26,275.5028,200.0123,-49.65172,270,315,0
0.28,274.9318,200.0125,-49.49842,270,315,0
0.3,274.3607,200.0127,-49.34513,270,315,0
0.32,273.7897,200.0129,-49.19184,270,315,0
0.34,273.2187,200.0131,-49.03854,270,315,0
0.36,272.6477,200.0133,-48.88525,270,315,0
0.38,272.0767,200.0134,-48.73196,270,315,0
0.4,271.5057,200.0136,-48.57866,270,315,0
0.42,270.9347,200.0138,-48.42537,270,315,0
0.44,270.3636,200.014,-48.27208,270,315,0
0.46,269.7926,200.0142,-48.11878,270,315,0
0.48,269.2216,200.0144,-47.96549,270,315,0
0.5,268.6506,200.0145,-47.81219,270,315,0
0.52,268.0796,200.0147,-47.6589,270,315,0
0.54,267.5086,200.0149,-47.50561,270,315,0
0.56,266.9376,200.0151,-47.35231,270,315,0
0.58,266.3665,200.0153,-47.19902,270,315,0
0.6,265.7955,200.0155,-47.04573,270,315,0
0.62,265.2245,200.0156,-46.89243,270,315,0
0.64,264.6535,200.0158,-46.73914,270,315,0
0.66,264.0825,200.016,-46.58585,270,315,0
0.68,263.5115,200.0162,-46.43255,270,315,0
0.7,262.9405,200.0164,-46.27926,270,315,0
0.72,262.3694,200.0166,-46.12597,270,315,0
0.74,261.7984,200.0167,-45.97267,270,315,0
0.76,261.2274,200.0169,-45.81938,270,315,0
0.78,260.6564,200.0171,-45.66608,270,315,0
0.8,260.0854,200.0173,-45.51279,270,315,0
0.82,259.5144,200.0175,-45.3595,270,315,0
0.84,258.9434,200.0177,-45.2062,270,315,0
0.86,258.3723,200.0178,-45.05291,270,315,0
0.88,257.8013,200.018,-44.89962,270,315,0
0.9,257.2303,200.0182,-44.74632,270,315,0
0.92,256.6593,200.0184,-44.59303,270,315,0
0.94,256.0883,200.0186,-44.43974,270,315,0
0.96,255.5173,200.0188,-44.28644,270,315,0
0.98,254.9463,200.0189,-44.13315,270,315,0
1,254.3752,200.0191,-43.97985,270,315,0
1.02,253.8042,200.0193,-43.82656,270,315,0
1.04,253.2332,200.0195,-43.67327,270,315,0
1.06,252.6622,200.0197,-43.51997,270,315,0
1.08,252.0912,200.0199,-43.36668,270,315,0
1.1,251.5202,200.02,-43.21339,270,315,0
1.12,250.9492,200.0202,-43.06009,270,315,0
1.14,250.3781,200.0204,-42.9068,270,315,0
1.16,249.8071,200.0206,-42.75351,270,315,0
1.18,249.2361,200.0208,-42.60021,270,315,0
1.2,248.6651,200.021,-42.44692,270,315,0
1.22,248.0941,200.0211,-42.29362,270,315,0
1.24,247.5231,200.0213,-42.14033,270,315,0
1.26,246.9521,200.0215,-41.98704,270,315,0
1.28,246.381,200.0217,-41.83374,270,315,0
1.3,245.81,200.0219,-41.68045,270,315,0
1.32,245.239,200.022,-41.52716,270,315,0
1.34,244.668,200.0222,-41.37386,270,315,0
1.36,244.097,200.0224,-41.22057,270,315,0
1.38,243.526,200.0225,-41.06728,270,315,0
1.4,242.955,200.0227,-40.91398,270,315,0
1.42,242.3839,200.0229,-40.76069,270,315,0
1.44,241.8129,200.023,-40.6074,270,315,0
1.46,241.2419,200.0232,-40.4541,270,315,0
1.48,240.6709,200.0234,-40.30081,270,315,0
1.5,240.0999,200.0235,-40.14751,270,315,0
1.52,239.5289,200.0237,-39.99422,270,315,0
1.54,238.9579,200.0239,-39.84093,270,315,0
1.56,238.3868,200.024,-39.68763,270,315,0
1.58,237.8158,200.0242,-39.53434,270,315,0
1.6,237.2448,200.0244,-39.38105,270,315,0
1.62,236.6738,200.0245,-39.22775,270,315,0
1.64,236.1028,200.0247,-39.07446,270,315,0
1.66,235.5318,200.0249,-38.92117,270,315,0
1.68,234.9608,200.025,-38.76787,270,315,0
1.7,234.3897,200.0252,-38.61458,270,315,0
1.72,233.8187,200.0254,-38.46128,270,315,0
1.74,233.2477,200.0255,-38.30799,270,315,0
1.76,232.6767,200.0257,-38.1547,270,315,0
1.78,232.1057,200.0259,-38.0014,270,315,0
1.8,231.5347,200.026,-37.84811,270,315,0
1.82,230.9637,200.0262,-37.69482,270,315,0
1.84,230.3926,200.0264,-37.54152,270,315,0
1.86,229.8216,200.0266,-37.38823,270,315,0
1.88,229.2506,200.0267,-37.23494,270,315,0
1.9,228.6796,200.0269,-37.08164,270,315,0
1.92,228.1086,200.0271,-36.92835,270,315,0
1.94,227.5376,200.0272,-36.77505,270,315,0
1.96,226.9666,200.0274,-36.62176,270,315,0
1.98,226.3955,200.0276,-36.46847,270,315,0
2,225.8245,200.0277,-36.31517,270,315,0
2.02,225.2535,200.0279,-36.16188,270,315,0
2.04,224.6825,200.0281,-36.00859,270,315,0
2.06,224.1115,200.0282,-35.85529,270,315,0
2.08,223.5405,200.0284,-35.702,270,315,0
2.1,222.9695,200.0286,-35.54871,270,315,0
2.12,222.3984,200.0287,-35.39541,270,315,0
2.14,221.8274,200.0289,-35.24212,270,315,0
2.16,221.2564,200.0291,-35.08883,270,315,0
2.18,220.6854,200.0292,-34.93553,270,315,0
2.2,220.1144,200.0294,-34.78224,270,315,0
2.22,219.5434,200.0296,-34.62894,270,315,0
2.24,218.9724,200.0297,-34.47565,270,315,0
2.26,218.4013,200.0299,-34.32236,270,315,0
2.28,217.8303,200.0301,-34.16906,270,315,0
2.3,217.2593,200.0302,-34.01577,270,315,0
2.32,216.6883,200.0304,-33.86248,270,315,0
2.34,216.1173,200.0306,-33.70918,270,315,0
2.36,215.5463,200.0307,-33.55589,270,315,0
2.38,214.9753,200.0309,-33.4026,270,315,0
2.4,214.4042,200.0311,-33.2493,270,315,0
2.42,213.8332,200.0312,-33.09601,270,315,0
2.44,213.2622,200.0314,-32.94271,270,315,0
2.46,212.6912,200.0315,-32.78942,270,315,0
2.48,212.1202,200.0317,-32.63613,270,315,0
2.5,211.5492,200.0318,-32.48283,270,315,0
2.52,210.9781,200.032,-32.32954,270,315,0
2.54,210.4071,200.0322,-32.17625,270,315,0
2.56,209.8361,200.0323,-32.02295,270,315,0
2.58,209.2651,200.0325,-31.86966,270,315,0
2.6,208.6941,200.0326,-31.71637,270,315,0
2.62,208.1231,200.0328,-31.56307,270,315,0
2.64,207.5521,200.0329,-31.40978,270,315,0
2.66,206.981,200.0331,-31.25648,270,315,0
2.68,206.41,200.0332,-31.10319,270,315,0
2.7,205.839,200.0334,-30.9499,270,315,0
2.72,205.268,200.0335,-30.7966,270,315,0
2.74,204.697,200.0337,-30.64331,270,315,0
2.76,204.126,200.0338,-30.49002,270,315,0
2.78,203.555,200.034,-30.33672,270,315,0
2.8,202.9839,200.0341,-30.18343,270,315,0
2.82,202.4129,200.0343,-30.03014,270,315,0
2.84,201.8419,200.0344,-29.87684,270,315,0
2.86,201.2709,200.0346,-29.72355,270,315,0
2.88,200.6999,200.0347,-29.57026,270,315,0
2.9,200.1289,200.0349,-29.41696,270,315,0
2.92,199.5579,200.035,-29.26367,270,315,0
2.94,198.9868,200.0352,-29.11037,270,315,0
2.96,198.4158,200.0354,-28.95708,270,315,0
2.98,197.8448,200.0355,-28.80379,270,315,0
3,197.2738,200.0357,-28.65049,270,315,0
3.02,196.7028,200.0358,-28.4972,270,315,0
3.04,196.1318,200.036,-28.34391,270,315,0
3.06,195.5608,200.0361,-28.19061,270,315,0
3.08,194.9897,200.0363,-28.03732,270,315,0
3.1,194.4187,200.0364,-27.88403,270,315,0
3.12,193.8477,200.0366,-27.73073,270,315,0
3.14,193.2767,200.0367,-27.57744,270,315,0
3.16,192.7057,200.0369,-27.42414,270,315,0
3.18,192.1347,200.037,-27.27085,270,315,0
3.2,191.5637,200.0372,-27.11756,270,315,0
3.22,190.9926,200.0373,-26.96426,270,315,0
3.24,190.4216,200.0375,-26.81097,270,315,0
3.26,189.8506,200.0376,-26.65768,270,315,0
3.28,189.2796,200.0378,-26.50438,270,315,0
3.3,188.7086,200.0379,-26.35109,270,315,0
3.32,188.1376,200.0381,-26.19779,270,315,0
3.34,187.5666,200.0383,-26.0445,270,315,0
3.36,186.9955,200.0384,-25.8912,270,315,0
3.38,186.4245,200.0386,-25.73791,270,315,0
3.4,185.8535,200.0387,-25.58461,270,315,0
3.42,185.2825,200.0389,-25.43131,270,315,0
3.44,184.7115,200.039,-25.27802,270,315,0
3.46,184.1405,200.0392,-25.12472,270,315,0
3.48,183.5695,200.0393,-24.97143,270,315,0
3.5,182.9984,200.0394,-24.81813,270,315,0
3.52,182.4274,200.0396,-24.66484,270,315,0
3.54,181.8564,200.0397,-24.51154,270,315,0
3.56,181.2854,200.0398,-24.35825,270,315,0
3.58,180.7144,200.04,-24.20495,270,315,0
3.6,180.1434,200.0401,-24.05165,270,315,0
3.62,179.5724,200.0403,-23.89836,270,315,0
3.64,179.0013,200.0404,-23.74506,270,315,0
3.66,178.4303,200.0405,-23.59177,270,315,0
3.68,177.8593,200.0407,-23.43847,270,315,0
3.7,177.2883,200.0408,-23.28518,270,315,0
3.72,176.7173,200.0409,-23.13188,270,315,0
3.74,176.1463,200.0411,-22.97859,270,315,0
3.76,175.5753,200.0412,-22.82529,270,315,0
3.78,175.0042,200.0414,-22.672,270,315,0
3.8,174.4332,200.0415,-22.5187,270,315,0
3.82,173.8622,200.0416,-22.3654,270,315,0
3.84,173.2912,200.0418,-22.21211,270,315,0
3.86,172.7202,200.0419,-22.05881,270,315,0
3.88,172.1492,200.042,-21.90552,270,315,0
3.9,171.5782,200.0422,-21.75222,270,315,0
3.92,171.0071,200.0423,-21.59893,270,315,0
3.94,170.4361,200.0424,-21.44563,270,315,0
3.96,169.8651,200.0426,-21.29234,270,315,0
3.98,169.2941,200.0427,-21.13904,270,315,0
4,168.7231,200.0429,-20.98574,270,315,0
4.02,168.1521,200.043,-20.83245,270,315,0
4.04,167.5811,200.0431,-20.67915,270,315,0
4.06,167.01,200.0433,-20.52586,270,315,0
4.08,166.439,200.0434,-20.37256,270,315,0
4.1,165.868,200.0435,-20.21927,270,315,0
4.12,165.297,200.0437,-20.06597,270,315,0
4.14,164.726,200.0438,-19.91268,270,315,0
4.16,164.155,200.044,-19.75938,270,315,0
4.18,163.584,200.0441,-19.60608,270,315,0
4.2,163.0129,200.0442,-19.45279,270,315,0
4.22,162.4419,200.0444,-19.29949,270,315,0
4.24,161.8709,200.0445,-19.1462,270,315,0
4.26,161.2999,200.0446,-18.9929,270,315,0
4.28,160.7289,200.0448,-18.83961,270,315,0
4.3,160.1579,200.0449,-18.68631,270,315,0
4.32,159.5869,200.0451,-18.53302,270,315,0
4.34,159.0158,200.0452,-18.37972,270,315,0
4.36,158.4448,200.0453,-18.22643,270,315,0
4.38,157.8738,200.0455,-18.07313,270,315,0
4.4,157.3028,200.0456,-17.91983,270,315,0
4.42,156.7318,200.0457,-17.76654,270,315,0
4.44,156.1608,200.0459,-17.61324,270,315,0
4.46,155.5898,200.046,-17.45995,270,315,0
4.48,155.0187,200.0461,-17.30665,270,315,0
4.5,154.4477,200.0462,-17.15336,270,315,0
4.52,153.8767,200.0463,-17.00006,270,315,0
4.54,153.3057,200.0465,-16.84677,270,315,0
4.56,152.7347,200.0466,-16.69347,270,315,0
4.58,152.1637,200.0467,-16.54017,270,315,0
4.6,151.5927,200.0468,-16.38688,270,315,0
4.62,151.0216,200.047,-16.23358,270,315,0
4.64,150.4506,200.0471,-16.08029,270,315,0
4.66,149.8796,200.0472,-15.92699,270,315,0
4.68,149.3086,200.0473,-15.7737,270,315,0
4.7,148.7376,200.0474,-15.6204,270,315,0
4.72,148.1666,200.0476,-15.46711,270,315,0
4.74,147.5956,200.0477,-15.31381,270,315,0
4.76,147.0245,200.0478,-15.16051,270,315,0
4.78,146.4535,200.0479,-15.00722,270,315,0
4.8,145.8825,200.048,-14.85392,270,315,0
4.82,145.3115,200.0482,-14.70063,270,315,0
4.84,144.7405,200.0483,-14.54733,270,315,0
4.86,144.1695,200.0484,-14.39404,270,315,0
4.88,143.5984,200.0485,-14.24074,270,315,0
4.9,143.0274,200.0487,-14.08745,270,315,0
4.92,142.4564,200.0488,-13.93415,270,315,0
4.94,141.8854,200.0489,-13.78086,270,315,0
4.96,141.3144,200.049,-13.62756,270,315,0
4.98,140.7434,200.0491,-13.47426,270,315,0
5,140.1724,200.0493,-13.32097,270,315,0
5.02,139.6013,200.0494,-13.16767,270,315,0
5.04,139.0303,200.0495,-13.01437,270,315,0
5.06,138.4593,200.0496,-12.86108,270,315,0
5.08,137.8883,200.0498,-12.70778,270,315,0
5.1,137.3173,200.0499,-12.55448,270,315,0
5.12,136.7463,200.05,-12.40119,270,315,0
5.14,136.1753,200.0501,-12.24789,270,315,0
5.16,135.6042,200.0502,-12.09459,270,315,0
5.18,135.0332,200.0504,-11.9413,270,315,0
5.2,134.4622,200.0505,-11.788,270,315,0
5.22,133.8912,200.0506,-11.63471,270,315,0
5.24,133.3202,200.0507,-11.48141,270,315,0
5.26,132.7492,200.0509,-11.32811,270,315,0
5.28,132.1782,200.051,-11.17482,270,315,0
5.3,131.6071,200.0511,-11.02152,270,315,0
5.32,131.0361,200.0512,-10.86822,270,315,0
5.34,130.4651,200.0513,-10.71493,270,315,0
5.36,129.8941,200.0514,-10.56163,270,315,0
5.38,129.3231,200.0515,-10.40833,270,315,0
5.4,128.7521,200.0516,-10.25504,270,315,0
5.42,128.1811,200.0517,-10.10174,270,315,0
5.44,127.6101,200.0518,-9.948444,270,315,0
5.46,127.039,200.052,-9.795148,270,315,0
5.48,126.468,200.0521,-9.641851,270,315,0
5.5,125.897,200.0522,-9.488555,270,315,0
5.52,125.326,200.0523,-9.335258,270,315,0
5.54,124.755,200.0524,-9.181962,270,315,0
5.56,124.184,200.0525,-9.028666,270,315,0
5.58,123.613,200.0526,-8.875369,270,315,0
5.6,123.042,200.0527,-8.722073,270,315,0
5.62,122.471,200.0528,-8.568776,270,315,0
5.64,121.9,200.0529,-8.41548,270,315,0
5.66,121.329,200.053,-8.262183,270,315,0
5.68,120.758,200.0531,-8.108887,270,315,0
5.7,120.187,200.0532,-7.95559,270,315,0
5.72,119.616,200.0533,-7.802294,270,315,0
5.74,119.045,200.0535,-7.648997,270,315,0
5.76,118.4739,200.0536,-7.4957,270,315,0
5.78,117.9029,200.0537,-7.342403,270,315,0
5.8,117.3319,200.0538,-7.189106,270,315,0
5.82,116.7609,200.0539,-7.035809,270,315,0
5.84,116.1899,200.054,-6.882512,270,315,0
5.86,115.6189,200.0541,-6.729215,270,315,0
5.88,115.0479,200.0542,-6.575918,270,315,0
5.9,114.4769,200.0543,-6.422621,270,315,0
5.92,113.9059,200.0544,-6.269324,270,315,0
5.94,113.3349,200.0545,-6.116027,270,315,0
5.96,112.7639,200.0546,-5.96273,270,315,0
5.98,112.1929,200.0547,-5.809433,270,315,0
6,111.6219,200.0548,-5.656137,270,315,0
6.02,111.0509,200.0549,-5.50284,270,315,0
6.04,110.4799,200.0551,-5.349543,270,315,0
6.06,109.9088,200.0552,-5.196246,270,315,0
6.08,109.3378,200.0553,-5.042949,270,315,0
6.1,108.7668,200.0554,-4.889652,270,315,0
6.12,108.1958,200.0555,-4.736355,270,315,0
6.14,107.6248,200.0556,-4.583058,270,315,0
6.16,107.0538,200.0557,-4.429761,270,315,0
6.18,106.4828,200.0558,-4.276464,270,315,0
6.2,105.9118,200.0558,-4.123167,270,315,0
6.22,105.3408,200.0559,-3.96987,270,315,0
6.24,104.7698,200.056,-3.816573,270,315,0
6.26,104.1988,200.0561,-3.663275,270,315,0
6.28,103.6278,200.0562,-3.509978,270,315,0
6.3,103.0568,200.0563,-3.356681,270,315,0
6.32,102.4858,200.0564,-3.203384,270,315,0
6.34,101.9147,200.0565,-3.050087,270,315,0
6.36,101.3437,200.0566,-2.89679,270,315,0
6.38,100.7727,200.0567,-2.743492,270,315,0
6.4,100.2017,200.0568,-2.590195,270,315,0
6.42,99.63072,200.0569,-2.436898,270,315,0
6.44,99.05972,200.0569,-2.283601,270,315,0
6.46,98.48871,200.057,-2.130303,270,315,0
6.48,97.9177,200.0571,-1.977006,270,315,0
6.5,97.34669,200.0572,-1.823709,270,315,0
6.52,96.77569,200.0573,-1.670411,270,315,0
6.54,96.20468,200.0574,-1.517114,270,315,0
6.56,95.63367,200.0575,-1.363816,270,315,0
6.58,95.06267,200.0576,-1.210519,270,315,0
6.6,94.49166,200.0577,-1.057222,270,315,0
6.62,93.92065,200.0578,-0.9039242,270,315,0
6.64,93.34965,200.0579,-0.7506267,270,315,0
6.66,92.77864,200.058,-0.5973292,270,315,0
6.68,92.20763,200.058,-0.4440317,270,315,0
6.7,91.63663,200.0581,-0.2907341,270,315,0
6.72,91.06562,200.0582,-0.1374366,270,315,0
6.74,90.49461,200.0583,0.01586102,270,315,0
6.76,89.92361,200.0584,0.1691586,270,315,0
6.78,89.3526,200.0585,0.3224562,270,315,0
6.8,88.78159,200.0586,0.4757539,270,315,0
6.82,88.21059,200.0587,0.6290516,270,315,0
6.84,87.63958,200.0588,0.7823492,270,315,0
6.86,87.06857,200.0589,0.9356469,270,315,0
6.88,86.49757,200.059,1.088945,270,315,0
6.9,85.92656,200.059,1.242242,270,315,0
6.92,85.35555,200.0591,1.39554,270,315,0
6.94,84.78455,200.0592,1.548838,270,315,0
6.96,84.21354,200.0593,1.702136,270,315,0
6.98,83.64253,200.0593,1.855434,270,315,0
7,83.07153,200.0594,2.008731,270,315,0
7.02,82.50052,200.0595,2.162029,270,315,0
7.04,81.92951,200.0596,2.315327,270,315,0
7.06,81.35851,200.0596,2.468625,270,315,0
7.08,80.7875,200.0597,2.621923,270,315,0
7.1,80.21649,200.0598,2.775221,270,315,0
7.12,79.64548,200.0599,2.928519,270,315,0
7.14,79.07448,200.06,3.081817,270,315,0
7.16,78.50347,200.06,3.235115,270,315,0
7.18,77.93246,200.0601,3.388412,270,315,0
7.2,77.36146,200.0602,3.54171,270,315,0
7.22,76.79045,200.0603,3.695009,270,315,0
7.24,76.21944,200.0603,3.848307,270,315,0
7.26,75.64844,200.0604,4.001605,270,315,0
7.28,75.07743,200.0605,4.154902,270,315,0
7.3,74.50642,200.0606,4.3082,270,315,0
7.32,73.93542,200.0606,4.461498,270,315,0
7.34,73.36441,200.0607,4.614797,270,315,0
7.36,72.7934,200.0608,4.768095,270,315,0
7.38,72.2224,200.0609,4.921393,270,315,0
7.4,71.65139,200.0609,5.074692,270,315,0
7.42,71.08038,200.061,5.22799,270,315,0
7.44,70.50938,200.0611,5.381289,270,315,0
7.46,69.93837,200.0612,5.534587,270,315,0
7.48,69.36736,200.0612,5.687885,270,315,0
7.5,68.79636,200.0613,5.841184,270,315,0
7.52,68.22535,200.0614,5.994482,270,315,0
7.54,67.65434,200.0615,6.14778,270,315,0
7.56,67.08334,200.0616,6.301079,270,315,0
7.58,66.51233,200.0616,6.454377,270,315,0
7.6,65.94132,200.0617,6.607676,270,315,0
7.62,65.37032,200.0618,6.760974,270,315,0
7.64,64.79931,200.0618,6.914272,270,315,0
7.66,64.2283,200.0619,7.067571,270,315,0
7.68,63.6573,200.062,7.220869,270,315,0
7.7,63.08629,200.062,7.374167,270,315,0
7.72,62.51528,200.0621,7.527466,270,315,0
7.74,61.94427,200.0621,7.680764,270,315,0
7.76,61.37327,200.0622,7.834063,270,315,0
7.78,60.80226,200.0623,7.987361,270,315,0
7.8,60.23125,200.0623,8.140659,270,315,0
7.82,59.66025,200.0624,8.293958,270,315,0
7.84,59.08924,200.0624,8.447256,270,315,0
7.86,58.51823,200.0625,8.600554,270,315,0
7.88,57.94723,200.0626,8.753853,270,315,0
7.9,57.37622,200.0626,8.907151,270,315,0
7.92,56.80521,200.0627,9.06045,270,315,0
7.94,56.23421,200.0627,9.213748,270,315,0
7.96,55.6632,200.0628,9.367046,270,315,0
7.98,55.09219,200.0629,9.520345,270,315,0
8,54.52119,200.0629,9.673643,270,315,0
8.02,53.95018,200.063,9.826941,270,315,0
8.04,53.37917,200.063,9.980241,270,315,0
8.059999,52.80817,200.0631,10.13354,270,315,0
8.08,52.23716,200.0632,10.28684,270,315,0
8.099999,51.66615,200.0632,10.44014,270,315,0
8.12,51.09515,200.0633,10.59344,270,315,0
8.139999,50.52414,200.0634,10.74674,270,315,0
8.16,49.95313,200.0634,10.90004,270,315,0
8.179999,49.38213,200.0635,11.05334,270,315,0
8.2,48.81112,200.0635,11.20664,270,315,0
8.22,48.24011,200.0636,11.35993,270,315,0
8.24,47.66911,200.0637,11.51323,270,315,0
8.26,47.0981,200.0637,11.66653,270,315,0
8.28,46.52709,200.0638,11.81983,270,315,0
8.3,45.95609,200.0638,11.97313,270,315,0
8.32,45.38508,200.0639,12.12643,270,315,0
8.34,44.81407,200.0639,12.27973,270,315,0
8.36,44.24306,200.0639,12.43303,270,315,0
8.38,43.67206,200.064,12.58633,270,315,0
8.4,43.10105,200.064,12.73963,270,315,0
8.42,42.53004,200.0641,12.89293,270,315,0
8.44,41.95904,200.0641,13.04623,270,315,0
8.46,41.38803,200.0642,13.19953,270,315,0
8.48,40.81702,200.0642,13.35283,270,315,0
8.5,40.24602,200.0643,13.50613,270,315,0
8.52,39.67501,200.0643,13.65942,270,315,0
8.54,39.104,200.0644,13.81272,270,315,0
8.559999,38.533,200.0644,13.96602,270,315,0
8.58,37.96199,200.0645,14.11932,270,315,0
8.599999,37.39098,200.0645,14.27262,270,315,0
8.62,36.81998,200.0645,14.42592,270,315,0
8.639999,36.24897,200.0646,14.57922,270,315,0
8.66,35.67796,200.0646,14.73252,270,315,0
8.679999,35.10696,200.0647,14.88582,270,315,0
8.7,34.53595,200.0647,15.03912,270,315,0
8.72,33.96494,200.0648,15.19242,270,315,0
8.74,33.39394,200.0648,15.34572,270,315,0
8.76,32.82293,200.0649,15.49902,270,315,0
8.78,32.25192,200.0649,15.65232,270,315,0
8.8,31.68092,200.065,15.80562,270,315,0
8.82,31.10991,200.065,15.95891,270,315,0
8.84,30.5389,200.065,16.11222,270,315,0
8.86,29.9679,200.0651,16.26551,270,315,0
8.88,29.39689,200.0651,16.41881,270,315,0
8.9,28.82588,200.0652,16.57211,270,315,0
8.92,28.25488,200.0652,16.72541,270,315,0
8.94,27.68387,200.0652,16.87871,270,315,0
8.96,27.11286,200.0653,17.03201,270,315,0
8.98,26.54185,200.0653,17.18531,270,315,0
9,25.97085,200.0653,17.33861,270,315,0
9.02,25.39984,200.0654,17.49191,270,315,0
9.04,24.82883,200.0654,17.64521,270,315,0
9.059999,24.25783,200.0654,17.79851,270,315,0
9.08,23.68682,200.0654,17.95181,270,315,0
9.099999,23.11581,200.0655,18.10511,270,315,0
9.12,22.54481,200.0655,18.25841,270,315,0
9.139999,21.9738,200.0655,18.41171,270,315,0
9.16,21.40279,200.0656,18.565,270,315,0
9.179999,20.83179,200.0656,18.7183,270,315,0
9.2,20.26078,200.0656,18.8716,270,315,0
9.22,19.68977,200.0657,19.0249,270,315,0
9.24,19.11877,200.0657,19.1782,270,315,0
9.26,18.54776,200.0657,19.3315,270,315,0
9.28,17.97675,200.0658,19.48481,270,315,0
9.3,17.40575,200.0658,19.63811,270,315,0
9.32,16.83474,200.0658,19.79141,270,315,0
9.34,16.26373,200.0658,19.94471,270,315,0
9.36,15.69273,200.0659,20.09801,270,315,0
9.38,15.12172,200.0659,20.25131,270,315,0
9.4,14.55072,200.0659,20.40461,270,315,0
9.42,13.97971,200.066,20.55791,270,315,0
9.44,13.4087,200.066,20.71122,270,315,0
9.46,12.8377,200.066,20.86452,270,315,0
9.48,12.26669,200.066,21.01782,270,315,0
9.5,11.69569,200.066,21.17112,270,315,0
9.52,11.12468,200.0661,21.32442,270,315,0
9.54,10.55367,200.0661,21.47772,270,315,0
9.559999,9.982669,200.0661,21.63102,270,315,0
9.58,9.411663,200.0661,21.78432,270,315,0
9.599999,8.840657,200.0661,21.93763,270,315,0
9.62,8.269651,200.0661,22.09093,270,315,0
9.639999,7.698646,200.0661,22.24423,270,315,0
9.66,7.12764,200.0662,22.39753,270,315,0
9.679999,6.556634,200.0662,22.55083,270,315,0
9.7,5.985628,200.0662,22.70413,270,315,0
9.719999,5.414622,200.0662,22.85743,270,315,0
9.74,4.843616,200.0662,23.01073,270,315,0
9.76,4.272611,200.0662,23.16404,270,315,0
9.78,3.701605,200.0663,23.31734,270,315,0
9.8,3.130599,200.0663,23.47064,270,315,0
9.82,2.559594,200.0663,23.62394,270,315,0
9.84,1.988588,200.0663,23.77724,270,315,0
9.86,1.417583,200.0663,23.93054,270,315,0
9.88,0.8465772,200.0663,24.08384,270,315,0
9.9,0.2755715,200.0663,24.23714,270,315,0
9.92,-0.2954341,200.0664,24.39045,270,315,0
9.94,-0.8664397,200.0664,24.54375,270,315,0
9.96,-1.437445,200.0664,24.69705,270,315,0
9.98,-2.008451,200.0664,24.85035,270,315,0
10,-2.579457,200.0664,25.00365,270,315,0
10.02,-3.150462,200.0664,25.15695,270,315,0
10.04,-3.721468,200.0664,25.31025,270,315,0
10.06,-4.292473,200.0664,25.46355,270,315,0
10.08,-4.863479,200.0664,25.61686,270,315,0
10.1,-5.434484,200.0664,25.77016,270,315,0
10.12,-6.005489,200.0664,25.92346,270,315,0
10.14,-6.576495,200.0664,26.07676,270,315,0
10.16,-7.1475,200.0664,26.23006,270,315,0
10.18,-7.718505,200.0664,26.38336,270,315,0
10.2,-8.289511,200.0664,26.53666,270,315,0
10.22,-8.860517,200.0664,26.68996,270,315,0
10.24,-9.431522,200.0664,26.84327,270,315,0
10.26,-10.00253,200.0664,26.99657,270,315,0
10.28,-10.57353,200.0664,27.14987,270,315,0
10.3,-11.14454,200.0664,27.30317,270,315,0
10.32,-11.71555,200.0664,27.45647,270,315,0
10.34,-12.28655,200.0664,27.60977,270,315,0
10.36,-12.85756,200.0664,27.76307,270,315,0
10.38,-13.42856,200.0664,27.91637,270,315,0
10.4,-13.99957,200.0664,28.06968,270,315,0
10.42,-14.57057,200.0664,28.22298,270,315,0
10.44,-15.14158,200.0664,28.37628,270,315,0
10.46,-15.71259,200.0664,28.52958,270,315,0
10.48,-16.28359,200.0664,28.68288,270,315,0
10.5,-16.8546,200.0664,28.83618,270,315,0
10.52,-17.4256,200.0663,28.98948,270,315,0
10.54,-17.99661,200.0663,29.14278,270,315,0
10.56,-18.56761,200.0663,29.29609,270,315,0
10.58,-19.13862,200.0663,29.44939,270,315,0
10.6,-19.70962,200.0663,29.60269,270,315,0
10.62,-20.28063,200.0663,29.75599,270,315,0
10.64,-20.85163,200.0663,29.90929,270,315,0
10.66,-21.42264,200.0662,30.06259,270,315,0
10.68,-21.99364,200.0662,30.2159,270,315,0
10.7,-22.56465,200.0662,30.3692,270,315,0
10.72,-23.13565,200.0662,30.5225,270,315,0
10.74,-23.70666,200.0662,30.67581,270,315,0
10.76,-24.27766,200.0662,30.82911,270,315,0
10.78,-24.84867,200.0661,30.98241,270,315,0
10.8,-25.41967,200.0661,31.13572,270,315,0
10.82,-25.99067,200.0661,31.28902,270,315,0
10.84,-26.56168,200.0661,31.44232,270,315,0
10.86,-27.13268,200.0661,31.59562,270,315,0
10.88,-27.70369,200.0661,31.74893,270,315,0
10.9,-28.27469,200.0661,31.90223,270,315,0
10.92,-28.8457,200.066,32.05553,270,315,0
10.94,-29.4167,200.066,32.20884,270,315,0
10.96,-29.98771,200.066,32.36214,270,315,0
10.98,-30.55871,200.0659,32.51544,270,315,0
11,-31.12972,200.0659,32.66874,270,315,0
11.02,-31.70072,200.0659,32.82204,270,315,0
11.04,-32.27173,200.0658,32.97534,270,315,0
11.06,-32.84274,200.0658,33.12864,270,315,0
11.08,-33.41374,200.0658,33.28194,270,315,0
11.1,-33.98475,200.0658,33.43525,270,315,0
11.12,-34.55576,200.0657,33.58855,270,315,0
11.14,-35.12676,200.0657,33.74185,270,315,0
11.16,-35.69777,200.0657,33.89515,270,315,0
11.18,-36.26878,200.0656,34.04845,270,315,0
11.2,-36.83978,200.0656,34.20175,270,315,0
11.22,-37.41079,200.0656,34.35506,270,315,0
11.24,-37.9818,200.0655,34.50836,270,315,0
11.26,-38.5528,200.0655,34.66167,270,315,0
11.28,-39.12381,200.0655,34.81497,270,315,0
11.3,-39.69482,200.0654,34.96828,270,315,0
11.32,-40.26582,200.0654,35.12158,270,315,0
11.34,-40.83683,200.0654,35.27489,270,315,0
11.36,-41.40784,200.0653,35.42819,270,315,0
11.38,-41.97884,200.0653,35.5815,270,315,0
11.4,-42.54985,200.0652,35.7348,270,315,0
11.42,-43.12086,200.0652,35.88811,270,315,0
11.44,-43.69186,200.0651,36.04141,270,315,0
11.46,-44.26287,200.0651,36.19472,270,315,0
11.48,-44.83388,200.065,36.34802,270,315,0
11.5,-45.40488,200.065,36.50133,270,315,0
11.52,-45.97589,200.065,36.65463,270,315,0
11.54,-46.5469,200.0649,36.80794,270,315,0
11.56,-47.1179,200.0649,36.96124,270,315,0
11.58,-47.68891,200.0648,37.11455,270,315,0
11.6,-48.25992,200.0648,37.26785,270,315,0
11.62,-48.83092,200.0647,37.42116,270,315,0
11.64,-49.40193,200.0647,37.57446,270,315,0
11.66,-49.97294,200.0646,37.72777,270,315,0
11.68,-50.54395,200.0646,37.88107,270,315,0
11.7,-51.11495,200.0645,38.03438,270,315,0
11.72,-51.68596,200.0645,38.18768,270,315,0
11.74,-52.25697,200.0644,38.34099,270,315,0
11.76,-52.82797,200.0644,38.49429,270,315,0
11.78,-53.39897,200.0643,38.6476,270,315,0
11.8,-53.96998,200.0643,38.8009,270,315,0
11.82,-54.54098,200.0642,38.95421,270,315,0
11.84,-55.11198,200.0641,39.10751,270,315,0
11.86,-55.68299,200.0641,39.26082,270,315,0
11.88,-56.25399,200.064,39.41412,270,315,0
11.9,-56.82499,200.0639,39.56743,270,315,0
11.92,-57.396,200.0639,39.72073,270,315,0
11.94,-57.967,200.0638,39.87404,270,315,0
11.96,-58.538,200.0638,40.02734,270,315,0
11.98,-59.109,200.0637,40.18065,270,315,0
12,-59.68001,200.0636,40.33395,270,315,0
12.02,-60.25101,200.0636,40.48726,270,315,0
12.04,-60.82201,200.0635,40.64056,270,315,0
12.06,-61.39302,200.0635,40.79387,270,315,0
12.08,-61.96402,200.0634,40.94717,270,315,0
12.1,-62.53502,200.0633,41.10048,270,315,0
12.12,-63.10603,200.0632,41.25378,270,315,0
12.14,-63.67703,200.0632,41.40709,270,315,0
12.16,-64.24803,200.0631,41.56039,270,315,0
12.18,-64.81904,200.063,41.7137,270,315,0
12.2,-65.39005,200.0629,41.867,270,315,0
12.22,-65.96105,200.0629,42.02031,270,315,0
12.24,-66.53206,200.0628,42.17361,270,315,0
12.26,-67.10307,200.0627,42.32692,270,315,0
12.28,-67.67407,200.0626,42.48022,270,315,0
12.3,-68.24508,200.0626,42.63353,270,315,0
12.32,-68.81609,200.0625,42.78683,270,315,0
12.34,-69.38709,200.0624,42.94014,270,315,0
12.36,-69.9581,200.0623,43.09344,270,315,0
12.38,-70.52911,200.0623,43.24675,270,315,0
12.4,-71.10011,200.0622,43.40005,270,315,0
12.42,-71.67112,200.0621,43.55336,270,315,0
12.44,-72.24213,200.062,43.70667,270,315,0
12.46,-72.81313,200.0619,43.85997,270,315,0
12.48,-73.38414,200.0618,44.01328,270,315,0
12.5,-73.95515,200.0617,44.16658,270,315,0
12.52,-74.52615,200.0616,44.31989,270,315,0
12.54,-75.09716,200.0616,44.47319,270,315,0
12.56,-75.66817,200.0615,44.6265,270,315,0
12.58,-76.23917,200.0614,44.7798,270,315,0
12.6,-76.81018,200.0613,44.93311,270,315,0
12.62,-77.38119,200.0612,45.08641,270,315,0
12.64,-77.95219,200.0611,45.23972,270,315,0
12.66,-78.5232,200.061,45.39302,270,315,0
12.68,-79.09421,200.0609,45.54633,270,315,0
12.7,-79.66521,200.0608,45.69963,270,315,0
12.72,-80.23622,200.0607,45.85294,270,315,0
12.74,-80.80723,200.0606,46.00624,270,315,0
12.76,-81.37823,200.0605,46.15955,270,315,0
12.78,-81.94924,200.0604,46.31285,270,315,0
12.8,-82.52025,200.0603,46.46616,270,315,0
12.82,-83.09126,200.0602,46.61946,270,315,0
12.84,-83.66226,200.0601,46.77277,270,315,0
12.86,-84.23327,200.06,46.92607,270,315,0
12.88,-84.80428,200.0599,47.07938,270,315,0
12.9,-85.37528,200.0598,47.23268,270,315,0
12.92,-85.94629,200.0597,47.38599,270,315,0
12.94,-86.5173,200.0596,47.53929,270,315,0
12.96,-87.0883,200.0595,47.6926,270,315,0
12.98,-87.65931,200.0594,47.8459,270,315,0
13,-88.23032,200.0592,47.99921,270,315,0
13.02,-88.80132,200.0591,48.15251,270,315,0
13.04,-89.37233,200.059,48.30582,270,315,0
13.06,-89.94334,200.0589,48.45912,270,315,0
13.08,-90.51434,200.0588,48.61243,270,315,0
13.1,-91.08535,200.0587,48.76574,270,315,0
13.12,-91.65636,200.0585,48.91905,270,315,0
13.14,-92.22736,200.0584,49.07236,270,315,0
13.16,-92.79837,200.0583,49.22567,270,315,0
13.18,-93.36938,200.0582,49.37897,270,315,0
13.2,-93.94038,200.058,49.53228,270,315,0
13.22,-94.51139,200.0579,49.68559,270,315,0
13.24,-95.0824,200.0578,49.8389,270,315,0
13.26,-95.6534,200.0577,49.99221,270,315,0
13.28,-96.22441,200.0576,50.14552,270,315,0
13.3,-96.79542,200.0574,50.29883,270,315,0
13.32,-97.36642,200.0573,50.45214,270,315,0
13.34,-97.93743,200.0571,50.60545,270,315,0
13.36,-98.50844,200.057,50.75875,270,315,0
13.38,-99.08062,200.0569,50.91238,270,315,0
13.4,-99.65388,200.0567,51.06629,270,315,0
13.42,-100.2281,200.0566,51.22046,270,315,0
13.44,-100.8032,200.0564,51.37488,270,315,0
13.46,-101.3792,200.0563,51.52951,270,315,0
13.48,-101.9558,200.0561,51.68432,270,315,0
13.5,-102.533,200.0559,51.8393,270,315,0
13.52,-103.1108,200.0558,51.99442,270,315,0
13.54,-103.689,200.0556,52.14966,270,315,0
13.56,-104.2675,200.0554,52.305,270,315,0
13.58,-104.8463,200.0552,52.46041,270,315,0
13.6,-105.4254,200.0551,52.61587,270,315,0
13.62,-106.0045,200.0549,52.77136,270,315,0
13.64,-106.5836,200.0547,52.92686,270,315,0
13.66,-107.1628,200.0545,53.08234,270,315,0
13.68,-107.7418,200.0543,53.2378,270,315,0
13.7,-108.3206,200.0541,53.39321,270,315,0
13.72,-108.8991,200.0539,53.54854,270,315,0
13.74,-109.4773,200.0537,53.70379,270,315,0
13.76,-110.0552,200.0535,53.85893,270,315,0
13.78,-110.6325,200.0533,54.01394,270,315,0
13.8,-111.2093,200.053,54.16881,270,315,0
13.82,-111.7855,200.0528,54.32352,270,315,0
13.84,-112.3611,200.0526,54.47805,270,315,0
13.86,-112.9359,200.0524,54.63239,270,315,0
13.88,-113.5099,200.0522,54.78651,270,315,0
13.9,-114.0831,200.0519,54.94041,270,315,0
13.92,-114.6554,200.0517,55.09406,270,315,0
13.94,-115.2267,200.0515,55.24746,270,315,0
13.96,-115.797,200.0512,55.40059,270,315,0
13.98,-116.3662,200.051,55.55342,270,315,0
14,-116.9343,200.0508,55.70596,270,315,0
14.02,-117.5013,200.0505,55.85818,270,315,0
14.04,-118.067,200.0503,56.01008,270,315,0
14.06,-118.6315,200.05,56.16163,270,315,0
14.08,-119.1946,200.0498,56.31282,270,315,0
14.1,-119.7563,200.0495,56.46365,270,315,0
14.12,-120.3167,200.0493,56.6141,270,315,0
14.14,-120.8755,200.0491,56.76416,270,315,0
14.16,-121.4329,200.0488,56.91381,270,315,0
14.18,-121.9887,200.0486,57.06305,270,315,0
14.2,-122.543,200.0483,57.21186,270,315,0
14.22,-123.0956,200.048,57.36023,270,315,0
14.24,-123.6465,200.0478,57.50816,270,315,0
14.26,-124.1957,200.0475,57.65563,270,315,0
14.28,-124.7432,200.0473,57.80263,270,315,0
14.3,-125.2889,200.047,57.94915,270,315,0
14.32,-125.8328,200.0467,58.09518,270,315,0
14.34,-126.3748,200.0465,58.24071,270,315,0
14.36,-126.915,200.0462,58.38574,270,315,0
14.38,-127.4532,200.046,58.53025,270,315,0
14.4,-127.9895,200.0457,58.67424,270,315,0
14.42,-128.5238,200.0454,58.8177,270,315,0
14.44,-129.056,200.0452,58.96062,270,315,0
14.46,-129.5863,200.0449,59.10299,270,315,0
14.48,-130.1144,200.0447,59.2448,270,315,0
14.5,-130.6405,200.0444,59.38605,270,315,0
14.52,-131.1645,200.0441,59.52673,270,315,0
14.54,-131.6862,200.0439,59.66683,270,315,0
14.56,-132.2059,200.0436,59.80635,270,315,0
14.58,-132.7233,200.0433,59.94528,270,315,0
14.6,-133.2385,200.043,60.08361,270,315,0
14.62,-133.7514,200.0428,60.22134,270,315,0
14.64,-134.2621,200.0425,60.35846,270,315,0
14.66,-134.7705,200.0422,60.49496,270,315,0
14.68,-135.2766,200.0419,60.63085,270,315,0
14.7,-135.7804,200.0417,60.76611,270,315,0
14.72,-136.2818,200.0414,60.90073,270,315,0
14.74,-136.7808,200.0411,61.03473,270,315,0
14.76,-137.2775,200.0408,61.16808,270,315,0
14.78,-137.7717,200.0406,61.30078,270,315,0
14.8,-138.2635,200.0403,61.43284,270,315,0
14.82,-138.7529,200.04,61.56424,270,315,0
14.84,-139.2399,200.0397,61.69498,270,315,0
14.86,-139.7243,200.0395,61.82507,270,315,0
14.88,-140.2063,200.0392,61.95448,270,315,0
14.9,-140.6858,200.0389,62.08323,270,315,0
14.92,-141.1628,200.0387,62.21131,270,315,0
14.94,-141.6373,200.0384,62.33871,270,315,0
14.96,-142.1092,200.0381,62.46543,270,315,0
14.98,-142.5786,200.0378,62.59146,270,315,0
15,-143.0455,200.0376,62.71682,270,315,0
15.02,-143.5098,200.0373,62.84148,270,315,0
15.04,-143.9715,200.0371,62.96546,270,315,0
15.06,-144.4307,200.0368,63.08874,270,315,0
15.08,-144.8872,200.0365,63.21133,270,315,0
15.1,-145.3412,200.0363,63.33322,270,315,0
15.12,-145.7926,200.036,63.45441,270,315,0
15.14,-146.2413,200.0358,63.57491,270,315,0
15.16,-146.6874,200.0355,63.69469,270,315,0
15.18,-147.131,200.0352,63.81378,270,315,0
15.2,-147.5718,200.035,63.93216,270,315,0
15.22,-148.0101,200.0347,64.04983,270,315,0
15.24,-148.4457,200.0345,64.16679,270,315,0
15.26,-148.8787,200.0342,64.28305,270,315,0
15.28,-149.309,200.034,64.3986,270,315,0
15.3,-149.7367,200.0337,64.51343,270,315,0
15.32,-150.1617,200.0334,64.62755,270,315,0
15.34,-150.584,200.0332,64.74096,270,315,0
15.36,-151.0038,200.0329,64.85365,270,315,0
15.38,-151.4208,200.0327,64.96564,270,315,0
15.4,-151.8352,200.0324,65.0769,270,315,0
15.42,-152.2469,200.0321,65.18746,270,315,0
15.44,-152.656,200.0319,65.2973,270,315,0
15.46,-153.0624,200.0316,65.40643,270,315,0
15.48,-153.4662,200.0314,65.51484,270,315,0
15.5,-153.8673,200.0311,65.62254,270,315,0
15.52,-154.2657,200.0309,65.72952,270,315,0
15.54,-154.6615,200.0307,65.83578,270,315,0
15.56,-155.0546,200.0304,65.94134,270,315,0
15.58,-155.4451,200.0302,66.04618,270,315,0
15.6,-155.8329,200.0299,66.15031,270,315,0
15.62,-156.218,200.0297,66.25372,270,315,0
15.64,-156.6005,200.0294,66.35643,270,315,0
15.66,-156.9804,200.0292,66.45843,270,315,0
15.68,-157.3576,200.0289,66.55972,270,315,0
15.7,-157.7322,200.0287,66.66029,270,315,0
15.72,-158.1042,200.0285,66.76016,270,315,0
15.74,-158.4735,200.0282,66.85933,270,315,0
15.76,-158.8402,200.028,66.95779,270,315,0
15.78,-159.2043,200.0278,67.05554,270,315,0
15.8,-159.5657,200.0275,67.1526,270,315,0
15.82,-159.9245,200.0273,67.24895,270,315,0
15.84,-160.2808,200.0271,67.3446,270,315,0
15.86,-160.6344,200.0268,67.43955,270,315,0
15.88,-160.9855,200.0266,67.53381,270,315,0
15.9,-161.3339,200.0264,67.62737,270,315,0
15.92,-161.6798,200.0262,67.72025,270,315,0
15.94,-162.0231,200.0259,67.81242,270,315,0
15.96,-162.3638,200.0257,67.90391,270,315,0
15.98,-162.702,200.0255,67.99471,270,315,0
16,-163.0376,200.0252,68.08482,270,315,0
16.02,-163.3706,200.025,68.17425,270,315,0
16.04,-163.7011,200.0248,68.26299,270,315,0
16.06,-164.0291,200.0246,68.35106,270,315,0
16.08,-164.3546,200.0244,68.43845,270,315,0
16.1,-164.6775,200.0242,68.52516,270,315,0
16.12,-164.998,200.0239,68.6112,270,315,0
16.14,-165.3159,200.0237,68.69656,270,315,0
16.16,-165.6313,200.0235,68.78127,270,315,0
16.18,-165.9443,200.0233,68.8653,270,315,0
16.2,-166.2548,200.0231,68.94866,270,315,0
16.22,-166.5628,200.0229,69.03136,270,315,0
16.24,-166.8683,200.0227,69.11341,270,315,0
16.26,-167.1715,200.0224,69.1948,270,315,0
16.28,-167.4721,200.0222,69.27554,270,315,0
16.3,-167.7704,200.022,69.35561,270,315,0
16.32,-168.0662,200.0218,69.43504,270,315,0
16.34,-168.3596,200.0216,69.51382,270,315,0
16.36,-168.6506,200.0214,69.59196,270,315,0
16.38,-168.9393,200.0212,69.66946,270,315,0
16.4,-169.2255,200.021,69.74632,270,315,0
16.42,-169.5094,200.0208,69.82255,270,315,0
16.44,-169.7909,200.0206,69.89814,270,315,0
16.46,-170.07,200.0204,69.9731,270,315,0
16.48,-170.3469,200.0202,70.04743,270,315,0
16.5,-170.6214,200.0201,70.12114,270,315,0
16.52,-170.8936,200.0199,70.19422,270,315,0
16.54,-171.1634,200.0197,70.26669,270,315,0
16.56,-171.431,200.0195,70.33853,270,315,0
16.58,-171.6963,200.0193,70.40977,270,315,0
16.6,-171.9593,200.0191,70.48039,270,315,0
16.62,-172.2201,200.0189,70.55041,270,315,0
16.64,-172.4786,200.0188,70.61982,270,315,0
16.66,-172.7349,200.0186,70.68863,270,315,0
16.68,-172.9889,200.0184,70.75684,270,315,0
16.7,-173.2407,200.0182,70.82446,270,315,0
16.72,-173.4903,200.018,70.89149,270,315,0
16.74,-173.7378,200.0178,70.95792,270,315,0
16.76,-173.983,200.0177,71.02377,270,315,0
16.78,-174.2261,200.0175,71.08904,270,315,0
16.8,-174.467,200.0173,71.15373,270,315,0
16.82,-174.7057,200.0171,71.21784,270,315,0
16.84,-174.9424,200.017,71.28138