0,-463.2362,200,-366.9749,270,315,0
0.02,-463.2362,200,-366.9749,270,315,0
0.04,-462.8055,199.9895,-366.2964,270,315,0
0.06,-462.5461,199.9969,-365.8622,270,315,0
0.08,-462.2029,199.9922,-365.3396,270,315,0
0.09999999,-461.8979,199.9946,-364.8491,270,315,0
0.12,-461.5763,199.9932,-364.3468,270,315,0
0.14,-461.2616,199.9937,-363.8489,270,315,0
0.16,-460.9441,199.9933,-363.3494,270,315,0
0.18,-460.6277,199.9933,-362.8505,270,315,0
0.2,-460.3109,199.9931,-362.3514,270,315,0
0.22,-459.9943,199.9931,-361.8523,270,315,0
0.24,-459.6776,199.9929,-361.3532,270,315,0
0.26,-459.3609,199.9928,-360.8542,270,315,0
0.28,-459.0442,199.9927,-360.3551,270,315,0
0.3,-458.7275,199.9926,-359.856,270,315,0
0.32,-458.4108,199.9925,-359.3569,270,315,0
0.34,-458.0941,199.9924,-358.8578,270,315,0
0.36,-457.7775,199.9923,-358.3587,270,315,0
0.38,-457.4608,199.9922,-357.8596,270,315,0
0.4,-457.1441,199.9921,-357.3606,270,315,0
0.42,-456.8274,199.992,-356.8615,270,315,0
0.44,-456.5107,199.9919,-356.3624,270,315,0
0.46,-456.1941,199.9918,-355.8633,270,315,0
0.48,-455.8774,199.9917,-355.3642,270,315,0
0.5,-455.5607,199.9915,-354.8651,270,315,0
0.52,-455.244,199.9914,-354.3661,270,315,0
0.54,-454.9273,199.9913,-353.867,270,315,0
0.56,-454.6107,199.9912,-353.3679,270,315,0
0.58,-454.294,199.9911,-352.8688,270,315,0
0.6,-453.9773,199.991,-352.3697,270,315,0
0.62,-453.6606,199.9909,-351.8706,270,315,0
0.64,-453.3439,199.9908,-351.3716,270,315,0
0.66,-453.0273,199.9907,-350.8725,270,315,0
0.68,-452.7106,199.9906,-350.3734,270,315,0
0.7,-452.3939,199.9905,-349.8743,270,315,0
0.72,-452.0772,199.9904,-349.3752,270,315,0
0.74,-451.7605,199.9903,-348.8761,270,315,0
0.76,-451.4438,199.9902,-348.377,270,315,0
0.78,-451.1272,199.9901,-347.878,270,315,0
0.8,-450.8105,199.9899,-347.3789,270,315,0
0.82,-450.4938,199.9898,-346.8798,270,315,0
0.84,-450.1771,199.9897,-346.3807,270,315,0
0.86,-449.8604,199.9896,-345.8816,270,315,0
0.88,-449.5438,199.9895,-345.3825,270,315,0
0.9,-449.2271,199.9894,-344.8835,270,315,0
0.92,-448.9104,199.9893,-344.3844,270,315,0
0.94,-448.5937,199.9892,-343.8853,270,315,0
0.96,-448.277,199.9891,-343.3862,270,315,0
0.98,-447.9604,199.989,-342.8871,270,315,0
1,-447.6437,199.9889,-342.388,270,315,0
1.02,-447.327,199.9888,-341.8889,270,315,0
1.04,-447.0103,199.9887,-341.3899,270,315,0
1.06,-446.6936,199.9886,-340.8908,270,315,0
1.08,-446.3769,199.9884,-340.3917,270,315,0
1.1,-446.0602,199.9883,-339.8926,270,315,0
1.12,-445.7435,199.9882,-339.3935,270,315,0
1.14,-445.4268,199.9881,-338.8944,270,315,0
1.16,-445.11,199.988,-338.3954,270,315,0
1.18,-444.7933,199.9879,-337.8963,270,315,0
1.2,-444.4766,199.9878,-337.3972,270,315,0
1.22,-444.1599,199.9877,-336.8981,270,315,0
1.24,-443.8432,199.9876,-336.399,270,315,0
1.26,-443.5265,199.9875,-335.8999,270,315,0
1.28,-443.2098,199.9874,-335.4008,270,315,0
1.3,-442.8931,199.9873,-334.9018,270,315,0
1.32,-442.5764,199.9872,-334.4027,270,315,0
1.34,-442.2596,199.9871,-333.9036,270,315,0
1.36,-441.9429,199.987,-333.4045,270,315,0
1.38,-441.6262,199.9868,-332.9054,270,315,0
1.4,-441.3095,199.9867,-332.4063,270,315,0
1.42,-440.9928,199.9866,-331.9073,270,315,0
1.44,-440.6761,199.9865,-331.4082,270,315,0
1.46,-440.3594,199.9864,-330.9091,270,315,0
1.48,-440.0427,199.9863,-330.41,270,315,0
1.5,-439.726,199.9862,-329.911,270,315,0
1.52,-439.4092,199.9861,-329.4119,270,315,0
1.54,-439.0925,199.986,-328.9129,270,315,0
1.56,-438.7758,199.9859,-328.4138,270,315,0
1.58,-438.4591,199.9858,-327.9148,270,315,0
1.6,-438.1424,199.9857,-327.4157,270,315,0
1.62,-437.8257,199.9856,-326.9167,270,315,0
1.64,-437.509,199.9855,-326.4176,270,315,0
1.66,-437.1923,199.9854,-325.9185,270,315,0
1.68,-436.8755,199.9852,-325.4195,270,315,0
1.7,-436.5588,199.9851,-324.9204,270,315,0
1.72,-436.2421,199.985,-324.4214,270,315,0
1.74,-435.9254,199.9849,-323.9223,270,315,0
1.76,-435.6087,199.9848,-323.4233,270,315,0
1.78,-435.292,199.9847,-322.9242,270,315,0
1.8,-434.9753,199.9846,-322.4252,270,315,0
1.82,-434.6586,199.9845,-321.9261,270,315,0
1.84,-434.3419,199.9844,-321.4271,270,315,0
1.86,-434.0251,199.9843,-320.928,270,315,0
1.88,-433.7084,199.9842,-320.429,270,315,0
1.9,-433.3917,199.9841,-319.9299,270,315,0
1.92,-433.075,199.984,-319.4308,270,315,0
1.94,-432.7583,199.9839,-318.9318,270,315,0
1.96,-432.4416,199.9837,-318.4327,270,315,0
1.98,-432.1249,199.9836,-317.9337,270,315,0
2,-431.8082,199.9835,-317.4346,270,315,0
2.02,-431.4915,199.9834,-316.9356,270,315,0
2.04,-431.1747,199.9833,-316.4365,270,315,0
2.06,-430.858,199.9832,-315.9375,270,315,0
2.08,-430.5413,199.9831,-315.4384,270,315,0
2.1,-430.2246,199.983,-314.9394,270,315,0
2.12,-429.9079,199.9829,-314.4403,270,315,0
2.14,-429.5912,199.9828,-313.9413,270,315,0
2.16,-429.2745,199.9827,-313.4422,270,315,0
2.18,-428.9578,199.9826,-312.9431,270,315,0
2.2,-428.6411,199.9825,-312.4441,270,315,0
2.22,-428.3243,199.9824,-311.945,270,315,0
2.24,-428.0076,199.9823,-311.446,270,315,0
2.26,-427.6909,199.9821,-310.9469,270,315,0
2.28,-427.3742,199.982,-310.4479,270,315,0
2.3,-427.0575,199.9819,-309.9488,270,315,0
2.32,-426.7408,199.9818,-309.4498,270,315,0
2.34,-426.4241,199.9817,-308.9507,270,315,0
2.36,-426.1074,199.9816,-308.4517,270,315,0
2.38,-425.7906,199.9815,-307.9526,270,315,0
2.4,-425.4739,199.9814,-307.4536,270,315,0
2.42,-425.1572,199.9813,-306.9545,270,315,0
2.44,-424.8405,199.9812,-306.4554,270,315,0
2.46,-424.5238,199.9811,-305.9564,270,315,0
2.48,-424.2071,199.981,-305.4573,270,315,0
2.5,-423.8904,199.9809,-304.9583,270,315,0
2.52,-423.5737,199.9808,-304.4592,270,315,0
2.54,-423.257,199.9807,-303.9602,270,315,0
2.56,-422.9402,199.9806,-303.4611,270,315,0
2.58,-422.6235,199.9805,-302.9621,270,315,0
2.6,-422.3068,199.9805,-302.463,270,315,0
2.62,-421.9901,199.9804,-301.964,270,315,0
2.64,-421.6734,199.9803,-301.4649,270,315,0
2.66,-421.3567,199.9802,-300.9659,270,315,0
2.68,-421.04,199.9801,-300.4668,270,315,0
2.7,-420.7233,199.98,-299.9677,270,315,0
2.72,-420.4066,199.9799,-299.4687,270,315,0
2.74,-420.0898,199.9798,-298.9696,270,315,0
2.76,-419.7731,199.9797,-298.4706,270,315,0
2.78,-419.4564,199.9796,-297.9715,270,315,0
2.8,-419.1397,199.9795,-297.4725,270,315,0
2.82,-418.823,199.9794,-296.9734,270,315,0
2.84,-418.5063,199.9794,-296.4744,270,315,0
2.86,-418.1896,199.9793,-295.9753,270,315,0
2.88,-417.8729,199.9792,-295.4763,270,315,0
2.9,-417.5562,199.9791,-294.9772,270,315,0
2.92,-417.2394,199.979,-294.4781,270,315,0
2.94,-416.9227,199.9789,-293.9791,270,315,0
2.96,-416.606,199.9788,-293.48,270,315,0
2.98,-416.2893,199.9787,-292.981,270,315,0
3,-415.9726,199.9786,-292.4819,270,315,0
3.02,-415.6559,199.9785,-291.9829,270,315,0
3.04,-415.3392,199.9784,-291.4838,270,315,0
3.06,-415.0225,199.9783,-290.9848,270,315,0
3.08,-414.7057,199.9783,-290.4857,270,315,0
3.1,-414.389,199.9782,-289.9867,270,315,0
3.12,-414.0723,199.9781,-289.4876,270,315,0
3.14,-413.7556,199.978,-288.9886,270,315,0
3.16,-413.4389,199.9779,-288.4895,270,315,0
3.18,-413.1222,199.9778,-287.9904,270,315,0
3.2,-412.8055,199.9777,-287.4914,270,315,0
3.22,-412.4888,199.9776,-286.9923,270,315,0
3.24,-412.1721,199.9775,-286.4933,270,315,0
3.26,-411.8553,199.9774,-285.9942,270,315,0
3.28,-411.5386,199.9773,-285.4952,270,315,0
3.3,-411.2219,199.9772,-284.9961,270,315,0
3.32,-410.9052,199.9772,-284.4971,270,315,0
3.34,-410.5885,199.9771,-283.998,270,315,0
3.36,-410.2718,199.977,-283.499,270,315,0
3.38,-409.9551,199.9769,-282.9999,270,315,0
3.4,-409.6384,199.9768,-282.5009,270,315,0
3.42,-409.3217,199.9767,-282.0018,270,315,0
3.44,-409.0049,199.9766,-281.5027,270,315,0
3.46,-408.6882,199.9765,-281.0037,270,315,0
3.48,-408.3715,199.9764,-280.5046,270,315,0
3.5,-408.0548,199.9763,-280.0056,270,315,0
3.52,-407.7381,199.9762,-279.5065,270,315,0
3.54,-407.4214,199.9762,-279.0075,270,315,0
3.56,-407.1047,199.9761,-278.5084,270,315,0
3.58,-406.788,199.976,-278.0094,270,315,0
3.6,-406.4713,199.9759,-277.5103,270,315,0
3.62,-406.1545,199.9758,-277.0113,270,315,0
3.64,-405.8378,199.9757,-276.5122,270,315,0
3.66,-405.5211,199.9756,-276.0132,270,315,0
3.68,-405.2044,199.9755,-275.5141,270,315,0
3.7,-404.8877,199.9754,-275.015,270,315,0
3.72,-404.571,199.9753,-274.516,270,315,0
3.74,-404.2543,199.9752,-274.0169,270,315,0
3.76,-403.9376,199.9751,-273.5179,270,315,0
3.78,-403.6208,199.9751,-273.0188,270,315,0
3.8,-403.3041,199.975,-272.5198,270,315,0
3.82,-402.9874,199.9749,-272.0207,270,315,0
3.84,-402.6707,199.9748,-271.5217,270,315,0
3.86,-402.354,199.9747,-271.0226,270,315,0
3.88,-402.0373,199.9746,-270.5236,270,315,0
3.9,-401.7206,199.9745,-270.0245,270,315,0
3.92,-401.4039,199.9744,-269.5255,270,315,0
3.94,-401.0872,199.9743,-269.0264,270,315,0
3.96,-400.7704,199.9742,-268.5273,270,315,0
3.98,-400.4537,199.9741,-268.0283,270,315,0
4,-400.137,199.974,-267.5292,270,315,0
4.02,-399.8203,199.974,-267.0302,270,315,0
4.04,-399.5036,199.9739,-266.5311,270,315,0
4.06,-399.1869,199.9738,-266.0321,270,315,0
4.08,-398.8702,199.9737,-265.533,270,315,0
4.1,-398.5535,199.9736,-265.034,270,315,0
4.12,-398.2368,199.9735,-264.5349,270,315,0
4.14,-397.92,199.9734,-264.0359,270,315,0
4.16,-397.6033,199.9733,-263.5368,270,315,0
4.18,-397.2866,199.9732,-263.0378,270,315,0
4.2,-396.9699,199.9731,-262.5387,270,315,0
4.22,-396.6532,199.973,-262.0396,270,315,0
4.24,-396.3365,199.9729,-261.5406,270,315,0
4.26,-396.0198,199.9729,-261.0415,270,315,0
4.28,-395.7031,199.9728,-260.5425,270,315,0
4.3,-395.3864,199.9727,-260.0434,270,315,0
4.32,-395.0696,199.9726,-259.5444,270,315,0
4.34,-394.7529,199.9725,-259.0453,270,315,0
4.36,-394.4362,199.9724,-258.5463,270,315,0
4.38,-394.1195,199.9723,-258.0472,270,315,0
4.4,-393.8028,199.9722,-257.5482,270,315,0
4.42,-393.4861,199.9721,-257.0491,270,315,0
4.44,-393.1694,199.972,-256.55,270,315,0
4.46,-392.8527,199.9719,-256.051,270,315,0
4.48,-392.5359,199.9718,-255.5519,270,315,0
4.5,-392.2192,199.9718,-255.0529,270,315,0
4.52,-391.9025,199.9717,-254.5538,270,315,0
4.54,-391.5858,199.9716,-254.0548,270,315,0
4.56,-391.2691,199.9715,-253.5557,270,315,0
4.58,-390.9524,199.9714,-253.0567,270,315,0
4.6,-390.6357,199.9713,-252.5576,270,315,0
4.62,-390.319,199.9712,-252.0586,270,315,0
4.64,-390.0023,199.9711,-251.5595,270,315,0
4.66,-389.6855,199.971,-251.0605,270,315,0
4.68,-389.3688,199.9709,-250.5614,270,315,0
4.7,-389.0521,199.9708,-250.0623,270,315,0
4.72,-388.7354,199.9707,-249.5633,270,315,0
4.74,-388.4187,199.9707,-249.0642,270,315,0
4.76,-388.102,199.9706,-248.5652,270,315,0
4.78,-387.7853,199.9705,-248.0661,270,315,0
4.8,-387.4686,199.9704,-247.5671,270,315,0
4.82,-387.1519,199.9703,-247.068,270,315,0
4.84,-386.8351,199.9702,-246.569,270,315,0
4.86,-386.5184,199.9701,-246.0699,270,315,0
4.88,-386.2017,199.97,-245.5709,270,315,0
4.9,-385.885,199.97,-245.0718,270,315,0
4.92,-385.5683,199.9699,-244.5728,270,315,0
4.94,-385.2516,199.9698,-244.0737,270,315,0
4.96,-384.9349,199.9697,-243.5746,270,315,0
4.98,-384.6182,199.9697,-243.0756,270,315,0
5,-384.3015,199.9696,-242.5765,270,315,0
5.02,-383.9847,199.9695,-242.0775,270,315,0
5.04,-383.668,199.9694,-241.5784,270,315,0
5.06,-383.3513,199.9693,-241.0794,270,315,0
5.08,-383.0346,199.9693,-240.5803,270,315,0
5.1,-382.7179,199.9692,-240.0813,270,315,0
5.12,-382.4012,199.9691,-239.5822,270,315,0
5.14,-382.0845,199.969,-239.0832,270,315,0
5.16,-381.7678,199.969,-238.5841,270,315,0
5.18,-381.451,199.9689,-238.0851,270,315,0
5.2,-381.1343,199.9688,-237.586,270,315,0
5.22,-380.8176,199.9687,-237.0869,270,315,0
5.24,-380.5009,199.9687,-236.5879,270,315,0
5.26,-380.1842,199.9686,-236.0888,270,315,0
5.28,-379.8675,199.9685,-235.5898,270,315,0
5.3,-379.5508,199.9684,-235.0907,270,315,0
5.32,-379.2341,199.9684,-234.5917,270,315,0
5.34,-378.9174,199.9683,-234.0926,270,315,0
5.36,-378.6006,199.9682,-233.5936,270,315,0
5.38,-378.2839,199.9681,-233.0945,270,315,0
5.4,-377.9672,199.968,-232.5955,270,315,0
5.42,-377.6505,199.968,-232.0964,270,315,0
5.44,-377.3338,199.9679,-231.5974,270,315,0
5.46,-377.0171,199.9678,-231.0983,270,315,0
5.48,-376.7004,199.9677,-230.5992,270,315,0
5.5,-376.3837,199.9677,-230.1002,270,315,0
5.52,-376.067,199.9676,-229.6011,270,315,0
5.54,-375.7502,199.9675,-229.1021,270,315,0
5.56,-375.4335,199.9674,-228.603,270,315,0
5.58,-375.1168,199.9674,-228.104,270,315,0
5.6,-374.8001,199.9673,-227.6049,270,315,0
5.62,-374.4834,199.9672,-227.1059,270,315,0
5.64,-374.1667,199.9671,-226.6068,270,315,0
5.66,-373.85,199.9671,-226.1078,270,315,0
5.68,-373.5333,199.967,-225.6087,270,315,0
5.7,-373.2166,199.9669,-225.1096,270,315,0
5.72,-372.8998,199.9668,-224.6106,270,315,0
5.74,-372.5831,199.9668,-224.1115,270,315,0
5.76,-372.2663,199.9667,-223.6125,270,315,0
5.78,-371.9496,199.9666,-223.1134,270,315,0
5.8,-371.6328,199.9665,-222.6144,270,315,0
5.82,-371.3161,199.9664,-222.1153,270,315,0
5.84,-370.9994,199.9664,-221.6163,270,315,0
5.86,-370.6826,199.9663,-221.1172,270,315,0
5.88,-370.3659,199.9662,-220.6182,270,315,0
5.9,-370.0491,199.9661,-220.1191,270,315,0
5.92,-369.7324,199.9661,-219.6201,270,315,0
5.94,-369.4156,199.966,-219.121,270,315,0
5.96,-369.0989,199.9659,-218.6219,270,315,0
5.98,-368.7822,199.9658,-218.1229,270,315,0
6,-368.4654,199.9658,-217.6238,270,315,0
6.02,-368.1487,199.9657,-217.1248,270,315,0
6.04,-367.8319,199.9656,-216.6257,270,315,0
6.06,-367.5152,199.9655,-216.1267,270,315,0
6.08,-367.1985,199.9655,-215.6276,270,315,0
6.1,-366.8817,199.9654,-215.1286,270,315,0
6.12,-366.565,199.9653,-214.6295,270,315,0
6.14,-366.2482,199.9652,-214.1305,270,315,0
6.16,-365.9315,199.9651,-213.6314,270,315,0
6.18,-365.6147,199.9651,-213.1324,270,315,0
6.2,-365.298,199.965,-212.6333,270,315,0
6.22,-364.9813,199.9649,-212.1342,270,315,0
6.24,-364.6645,199.9648,-211.6352,270,315,0
6.26,-364.3478,199.9648,-211.1361,270,315,0
6.28,-364.031,199.9647,-210.6371,270,315,0
6.3,-363.7143,199.9646,-210.138,270,315,0
6.32,-363.3976,199.9645,-209.639,270,315,0
6.34,-363.0808,199.9645,-209.1399,270,315,0
6.36,-362.7641,199.9644,-208.6409,270,315,0
6.38,-362.4473,199.9643,-208.1418,270,315,0
6.4,-362.1306,199.9642,-207.6428,270,315,0
6.42,-361.8138,199.9642,-207.1437,270,315,0
6.44,-361.4971,199.9641,-206.6447,270,315,0
6.46,-361.1804,199.964,-206.1456,270,315,0
6.48,-360.8636,199.9639,-205.6465,270,315,0
6.5,-360.5469,199.9639,-205.1475,270,315,0
6.52,-360.2301,199.9638,-204.6484,270,315,0
6.54,-359.9134,199.9637,-204.1494,270,315,0
6.56,-359.5966,199.9636,-203.6503,270,315,0
6.58,-359.2799,199.9635,-203.1513,270,315,0
6.6,-358.9632,199.9635,-202.6522,270,315,0
6.62,-358.6464,199.9634,-202.1532,270,315,0
6.64,-358.3297,199.9633,-201.6541,270,315,0
6.66,-358.0129,199.9632,-201.1551,270,315,0
6.68,-357.6962,199.9632,-200.656,270,315,0
6.7,-357.3795,199.9631,-200.157,270,315,0
6.72,-357.0627,199.963,-199.6579,270,315,0
6.74,-356.746,199.9629,-199.1588,270,315,0
6.76,-356.4292,199.9629,-198.6598,270,315,0
6.78,-356.1125,199.9628,-198.1607,270,315,0
6.8,-355.7957,199.9627,-197.6617,270,315,0
6.82,-355.479,199.9626,-197.1626,270,315,0
6.84,-355.1623,199.9626,-196.6636,270,315,0
6.86,-354.8455,199.9625,-196.1646,270,315,0
6.88,-354.5288,199.9624,-195.6655,270,315,0
6.9,-354.212,199.9623,-195.1665,270,315,0
6.92,-353.8953,199.9622,-194.6674,270,315,0
6.94,-353.5786,199.9622,-194.1684,270,315,0
6.96,-353.2618,199.9621,-193.6694,270,315,0
6.98,-352.9451,199.962,-193.1703,270,315,0
7,-352.6283,199.9619,-192.6713,270,315,0
7.02,-352.3116,199.9619,-192.1723,270,315,0
7.04,-351.9948,199.9618,-191.6732,270,315,0
7.06,-351.6781,199.9618,-191.1742,270,315,0
7.08,-351.3614,199.9617,-190.6751,270,315,0
7.1,-351.0446,199.9616,-190.1761,270,315,0
7.12,-350.7279,199.9616,-189.6771,270,315,0
7.14,-350.4111,199.9615,-189.178,270,315,0
7.16,-350.0944,199.9615,-188.679,270,315,0
7.18,-349.7776,199.9614,-188.1799,270,315,0
7.2,-349.4609,199.9613,-187.6809,270,315,0
7.22,-349.1442,199.9613,-187.1819,270,315,0
7.24,-348.8274,199.9612,-186.6828,270,315,0
7.26,-348.5107,199.9612,-186.1838,270,315,0
7.28,-348.1939,199.9611,-185.6848,270,315,0
7.3,-347.8772,199.961,-185.1857,270,315,0
7.32,-347.5605,199.961,-184.6867,270,315,0
7.34,-347.2437,199.9609,-184.1876,270,315,0
7.36,-346.927,199.9608,-183.6886,270,315,0
7.38,-346.6102,199.9608,-183.1896,270,315,0
7.4,-346.2935,199.9607,-182.6905,270,315,0
7.42,-345.9767,199.9607,-182.1915,270,315,0
7.44,-345.66,199.9606,-181.6924,270,315,0
7.46,-345.3433,199.9605,-181.1934,270,315,0
7.48,-345.0265,199.9605,-180.6944,270,315,0
7.5,-344.7098,199.9604,-180.1953,270,315,0
7.52,-344.393,199.9604,-179.6963,270,315,0
7.54,-344.0763,199.9603,-179.1973,270,315,0
7.56,-343.7596,199.9602,-178.6982,270,315,0
7.58,-343.4428,199.9602,-178.1992,270,315,0
7.6,-343.1261,199.9601,-177.7001,270,315,0
7.62,-342.8093,199.9601,-177.2011,270,315,0
7.64,-342.4926,199.96,-176.7021,270,315,0
7.66,-342.1758,199.9599,-176.203,270,315,0
7.68,-341.8591,199.9599,-175.704,270,315,0
7.7,-341.5424,199.9598,-175.2049,270,315,0
7.72,-341.2256,199.9597,-174.7059,270,315,0
7.74,-340.9089,199.9597,-174.2069,270,315,0
7.76,-340.5921,199.9596,-173.7078,270,315,0
7.78,-340.2754,199.9596,-173.2088,270,315,0
7.8,-339.9586,199.9595,-172.7097,270,315,0
7.82,-339.6419,199.9594,-172.2107,270,315,0
7.84,-339.3252,199.9594,-171.7117,270,315,0
7.86,-339.0084,199.9593,-171.2126,270,315,0
7.88,-338.6917,199.9593,-170.7136,270,315,0
7.9,-338.3749,199.9592,-170.2146,270,315,0
7.92,-338.0582,199.9591,-169.7155,270,315,0
7.94,-337.7415,199.9591,-169.2165,270,315,0
7.96,-337.4247,199.959,-168.7174,270,315,0
7.98,-337.108,199.959,-168.2184,270,315,0
8,-336.7912,199.9589,-167.7194,270,315,0
8.02,-336.4745,199.9588,-167.2203,270,315,0
8.04,-336.1577,199.9588,-166.7213,270,315,0
8.059999,-335.841,199.9587,-166.2222,270,315,0
8.08,-335.5243,199.9586,-165.7232,270,315,0
8.099999,-335.2075,199.9586,-165.2242,270,315,0
8.12,-334.8908,199.9585,-164.7251,270,315,0
8.139999,-334.574,199.9585,-164.2261,270,315,0
8.16,-334.2573,199.9584,-163.7271,270,315,0
8.179999,-333.9406,199.9583,-163.228,270,315,0
8.2,-333.6238,199.9583,-162.729,270,315,0
8.22,-333.3071,199.9582,-162.2299,270,315,0
8.24,-332.9903,199.9582,-161.7309,270,315,0
8.26,-332.6736,199.9581,-161.2319,270,315,0
8.28,-332.3568,199.958,-160.7328,270,315,0
8.3,-332.0401,199.958,-160.2338,270,315,0
8.32,-331.7234,199.9579,-159.7347,270,315,0
8.34,-331.4066,199.9579,-159.2357,270,315,0
8.36,-331.0899,199.9578,-158.7367,270,315,0
8.38,-330.7731,199.9577,-158.2376,270,315,0
8.4,-330.4564,199.9577,-157.7386,270,315,0
8.42,-330.1396,199.9576,-157.2395,270,315,0
8.44,-329.8229,199.9576,-156.7405,270,315,0
8.46,-329.5062,199.9575,-156.2415,270,315,0
8.48,-329.1894,199.9574,-155.7424,270,315,0
8.5,-328.8727,199.9574,-155.2434,270,315,0
8.52,-328.5559,199.9573,-154.7444,270,315,0
8.54,-328.2392,199.9572,-154.2453,270,315,0
8.559999,-327.9225,199.9572,-153.7463,270,315,0
8.58,-327.6057,199.9571,-153.2472,270,315,0
8.599999,-327.289,199.9571,-152.7482,270,315,0
8.62,-326.9722,199.957,-152.2492,270,315,0
8.639999,-326.6555,199.9569,-151.7501,270,315,0
8.66,-326.3387,199.9569,-151.2511,270,315,0
8.679999,-326.022,199.9568,-150.752,270,315,0
8.7,-325.7053,199.9568,-150.253,270,315,0
8.72,-325.3885,199.9567,-149.754,270,315,0
8.74,-325.0718,199.9566,-149.2549,270,315,0
8.76,-324.755,199.9566,-148.7559,270,315,0
8.78,-324.4383,199.9565,-148.2569,270,315,0
8.8,-324.1216,199.9565,-147.7578,270,315,0
8.82,-323.8048,199.9564,-147.2588,270,315,0
8.84,-323.4881,199.9563,-146.7597,270,315,0
8.86,-323.1713,199.9563,-146.2607,270,315,0
8.88,-322.8546,199.9562,-145.7617,270,315,0
8.9,-322.5378,199.9562,-145.2626,270,315,0
8.92,-322.2211,199.9561,-144.7636,270,315,0
8.94,-321.9044,199.9561,-144.2645,270,315,0
8.96,-321.5876,199.956,-143.7655,270,315,0
8.98,-321.2709,199.956,-143.2665,270,315,0
9,-320.9541,199.9559,-142.7674,270,315,0
9.02,-320.6374,199.9559,-142.2684,270,315,0
9.04,-320.3206,199.9559,-141.7693,270,315,0
9.059999,-320.0039,199.9558,-141.2703,270,315,0
9.08,-319.6872,199.9558,-140.7713,270,315,0
9.099999,-319.3704,199.9557,-140.2722,270,315,0
9.12,-319.0537,199.9557,-139.7732,270,315,0
9.139999,-318.7369,199.9556,-139.2742,270,315,0
9.16,-318.4202,199.9556,-138.7751,270,315,0
9.179999,-318.1035,199.9555,-138.2761,270,315,0
9.2,-317.7867,199.9555,-137.777,270,315,0
9.22,-317.47,199.9554,-137.278,270,315,0
9.24,-317.1532,199.9554,-136.779,270,315,0
9.26,-316.8365,199.9554,-136.2799,270,315,0
9.28,-316.5197,199.9553,-135.7809,270,315,0
9.3,-316.203,199.9553,-135.2818,270,315,0
9.32,-315.8862,199.9552,-134.7828,270,315,0
9.34,-315.5694,199.9552,-134.2838,270,315,0
9.36,-315.2527,199.9551,-133.7847,270,315,0
9.38,-314.9359,199.9551,-133.2857,270,315,0
9.4,-314.6191,199.955,-132.7867,270,315,0
9.42,-314.3023,199.955,-132.2876,270,315,0
9.44,-313.9856,199.9549,-131.7886,270,315,0
9.46,-313.6688,199.9549,-131.2895,270,315,0
9.48,-313.352,199.9548,-130.7905,270,315,0
9.5,-313.0352,199.9548,-130.2915,270,315,0
9.52,-312.7185,199.9548,-129.7925,270,315,0
9.54,-312.4017,199.9547,-129.2934,270,315,0
9.559999,-312.0849,199.9547,-128.7944,270,315,0
9.58,-311.7682,199.9546,-128.2954,270,315,0
9.599999,-311.4514,199.9546,-127.7964,270,315,0
9.62,-311.1346,199.9545,-127.2973,270,315,0
9.639999,-310.8178,199.9545,-126.7983,270,315,0
9.66,-310.5011,199.9544,-126.2993,270,315,0
9.679999,-310.1843,199.9544,-125.8002,270,315,0
9.7,-309.8675,199.9543,-125.3012,270,315,0
9.719999,-309.5508,199.9543,-124.8022,270,315,0
9.74,-309.234,199.9543,-124.3031,270,315,0
9.76,-308.9172,199.9542,-123.8041,270,315,0
9.78,-308.6004,199.9542,-123.3051,270,315,0
9.8,-308.2837,199.9541,-122.8061,270,315,0
9.82,-307.9669,199.9541,-122.307,270,315,0
9.84,-307.6501,199.954,-121.808,270,315,0
9.86,-307.3333,199.954,-121.309,270,315,0
9.88,-307.0166,199.9539,-120.8099,270,315,0
9.9,-306.6998,199.9539,-120.3109,270,315,0
9.92,-306.383,199.9538,-119.8119,270,315,0
9.94,-306.0663,199.9538,-119.3128,270,315,0
9.96,-305.7495,199.9538,-118.8138,270,315,0
9.98,-305.4327,199.9537,-118.3148,270,315,0
10,-305.1159,199.9537,-117.8157,270,315,0
10.02,-304.7992,199.9536,-117.3167,270,315,0
10.04,-304.4824,199.9536,-116.8177,270,315,0
10.06,-304.1656,199.9535,-116.3186,270,315,0
10.08,-303.8488,199.9535,-115.8196,270,315,0
10.1,-303.5321,199.9534,-115.3206,270,315,0
10.12,-303.2153,199.9534,-114.8216,270,315,0
10.14,-302.8985,199.9533,-114.3225,270,315,0
10.16,-302.5818,199.9533,-113.8235,270,315,0
10.18,-302.265,199.9532,-113.3245,270,315,0
10.2,-301.9482,199.9532,-112.8255,270,315,0
10.22,-301.6314,199.9532,-112.3265,270,315,0
10.24,-301.3147,199.9531,-111.8274,270,315,0
10.26,-300.9979,199.9531,-111.3284,270,315,0
10.28,-300.6811,199.953,-110.8294,270,315,0
10.3,-300.3643,199.953,-110.3304,270,315,0
10.32,-300.0476,199.9529,-109.8313,270,315,0
10.34,-299.7308,199.9529,-109.3323,270,315,0
10.36,-299.414,199.9528,-108.8333,270,315,0
10.38,-299.0973,199.9528,-108.3343,270,315,0
10.4,-298.7805,199.9527,-107.8352,270,315,0
10.42,-298.4637,199.9527,-107.3362,270,315,0
10.44,-298.1469,199.9527,-106.8372,270,315,0
10.46,-297.8302,199.9526,-106.3382,270,315,0
10.48,-297.5134,199.9526,-105.8391,270,315,0
10.5,-297.1966,199.9525,-105.3401,270,315,0
10.52,-296.8799,199.9525,-104.8411,270,315,0
10.54,-296.5631,199.9525,-104.3421,270,315,0
10.56,-296.2463,199.9524,-103.8431,270,315,0
10.58,-295.9295,199.9524,-103.344,270,315,0
10.6,-295.6128,199.9524,-102.845,270,315,0
10.62,-295.296,199.9523,-102.346,270,315,0
10.64,-294.9792,199.9523,-101.847,270,315,0
10.66,-294.6624,199.9523,-101.3479,270,315,0
10.68,-294.3457,199.9522,-100.8489,270,315,0
10.7,-294.0289,199.9522,-100.3499,270,315,0
10.72,-293.7121,199.9522,-99.85087,270,315,0
10.74,-293.3954,199.9521,-99.35184,270,315,0
10.76,-293.0786,199.9521,-98.85282,270,315,0
10.78,-292.7618,199.9521,-98.3538,270,315,0
10.8,-292.445,199.9521,-97.85477,270,315,0
10.82,-292.1283,199.952,-97.35575,270,315,0
10.84,-291.8115,199.952,-96.85673,270,315,0
10.86,-291.4947,199.952,-96.3577,270,315,0
10.88,-291.1779,199.9519,-95.85868,270,315,0
10.9,-290.8612,199.9519,-95.35966,270,315,0
10.92,-290.5444,199.9519,-94.86063,270,315,0
10.94,-290.2276,199.9518,-94.36161,270,315,0
10.96,-289.9109,199.9518,-93.86259,270,315,0
10.98,-289.5941,199.9518,-93.36356,270,315,0
11,-289.2773,199.9518,-92.86454,270,315,0
11.02,-288.9605,199.9517,-92.36552,270,315,0
11.04,-288.6438,199.9517,-91.86649,270,315,0
11.06,-288.327,199.9517,-91.36747,270,315,0
11.08,-288.0102,199.9516,-90.86845,270,315,0
11.1,-287.6935,199.9516,-90.36942,270,315,0
11.12,-287.3767,199.9516,-89.8704,270,315,0
11.14,-287.0599,199.9515,-89.37138,270,315,0
11.16,-286.7431,199.9515,-88.87235,270,315,0
11.18,-286.4264,199.9515,-88.37333,270,315,0
11.2,-286.1096,199.9514,-87.87431,270,315,0
11.22,-285.7928,199.9514,-87.37529,270,315,0
11.24,-285.476,199.9514,-86.87627,270,315,0
11.26,-285.1593,199.9514,-86.37726,270,315,0
11.28,-284.8425,199.9513,-85.87824,270,315,0
11.3,-284.5257,199.9513,-85.37923,270,315,0
11.32,-284.209,199.9513,-84.88021,270,315,0
11.34,-283.8922,199.9512,-84.3812,270,315,0
11.36,-283.5754,199.9512,-83.88218,270,315,0
11.38,-283.2586,199.9512,-83.38316,270,315,0
11.4,-282.9419,199.9511,-82.88415,270,315,0
11.42,-282.6251,199.9511,-82.38513,270,315,0
11.44,-282.3083,199.9511,-81.88612,270,315,0
11.46,-281.9915,199.951,-81.3871,270,315,0
11.48,-281.6748,199.951,-80.88808,270,315,0
11.5,-281.358,199.951,-80.38907,270,315,0
11.52,-281.0412,199.951,-79.89005,270,315,0
11.54,-280.7245,199.9509,-79.39104,270,315,0
11.56,-280.4077,199.9509,-78.89202,270,315,0
11.58,-280.0909,199.9509,-78.39301,270,315,0
11.6,-279.7741,199.9508,-77.89399,270,315,0
11.62,-279.4574,199.9508,-77.39497,270,315,0
11.64,-279.1406,199.9508,-76.89596,270,315,0
11.66,-278.8238,199.9507,-76.39694,270,315,0
11.68,-278.507,199.9507,-75.89793,270,315,0
11.7,-278.1903,199.9507,-75.39891,270,315,0
11.72,-277.8735,199.9507,-74.89989,270,315,0
11.74,-277.5567,199.9506,-74.40088,270,315,0
11.76,-277.24,199.9506,-73.90186,270,315,0
11.78,-276.9232,199.9506,-73.40285,270,315,0
11.8,-276.6064,199.9505,-72.90383,270,315,0
11.82,-276.2896,199.9505,-72.40482,270,315,0
11.84,-275.9729,199.9505,-71.9058,270,315,0
11.86,-275.6561,199.9504,-71.40678,270,315,0
11.88,-275.3393,199.9504,-70.90777,270,315,0
11.9,-275.0226,199.9504,-70.40875,270,315,0
11.92,-274.7058,199.9503,-69.90974,270,315,0
11.94,-274.389,199.9503,-69.41072,270,315,0
11.96,-274.0722,199.9503,-68.91171,270,315,0
11.98,-273.7555,199.9503,-68.41269,270,315,0
12,-273.4387,199.9503,-67.91367,270,315,0
12.02,-273.1219,199.9502,-67.41466,270,315,0
12.04,-272.8051,199.9502,-66.91564,270,315,0
12.06,-272.4884,199.9502,-66.41663,270,315,0
12.08,-272.1716,199.9502,-65.91761,270,315,0
12.1,-271.8548,199.9502,-65.41859,270,315,0
12.12,-271.538,199.9502,-64.91958,270,315,0
12.14,-271.2212,199.9501,-64.42056,270,315,0
12.16,-270.9044,199.9501,-63.92155,270,315,0
12.18,-270.5876,199.9501,-63.42254,270,315,0
12.2,-270.2708,199.9501,-62.92353,270,315,0
12.22,-269.954,199.9501,-62.42451,270,315,0
12.24,-269.6372,199.9501,-61.9255,270,315,0
12.26,-269.3204,199.9501,-61.42649,270,315,0
12.28,-269.0036,199.95,-60.92748,270,315,0
12.3,-268.6868,199.95,-60.42847,270,315,0
12.32,-268.37,199.95,-59.92945,270,315,0
12.34,-268.0532,199.95,-59.43044,270,315,0
12.36,-267.7364,199.95,-58.93143,270,315,0
12.38,-267.4196,199.95,-58.43242,270,315,0
12.4,-267.1028,199.95,-57.93341,270,315,0
12.42,-266.786,199.9499,-57.43439,270,315,0
12.44,-266.4692,199.9499,-56.93538,270,315,0
12.46,-266.1524,199.9499,-56.43637,270,315,0
12.48,-265.8356,199.9499,-55.93737,270,315,0
12.5,-265.5188,199.9499,-55.43836,270,315,0
12.52,-265.202,199.9499,-54.93935,270,315,0
12.54,-264.8852,199.9498,-54.44034,270,315,0
12.56,-264.5684,199.9498,-53.94133,270,315,0
12.58,-264.2516,199.9498,-53.44233,270,315,0
12.6,-263.9348,199.9498,-52.94332,270,315,0
12.62,-263.618,199.9498,-52.44431,270,315,0
12.64,-263.3011,199.9498,-51.9453,270,315,0
12.66,-262.9843,199.9498,-51.44629,270,315,0
12.68,-262.6675,199.9497,-50.94728,270,315,0
12.7,-262.3507,199.9497,-50.44828,270,315,0
12.72,-262.0339,199.9497,-49.94927,270,315,0
12.74,-261.7171,199.9497,-49.45026,270,315,0
12.76,-261.4003,199.9497,-48.95125,270,315,0
12.78,-261.0835,199.9497,-48.45224,270,315,0
12.8,-260.7667,199.9496,-47.95324,270,315,0
12.82,-260.4499,199.9496,-47.45423,270,315,0
12.84,-260.1331,199.9496,-46.95522,270,315,0
12.86,-259.8163,199.9496,-46.45621,270,315,0
12.88,-259.4995,199.9496,-45.9572,270,315,0
12.9,-259.1827,199.9496,-45.45819,270,315,0
12.92,-258.8659,199.9496,-44.95919,270,315,0
12.94,-258.5491,199.9495,-44.46018,270,315,0
12.96,-258.2323,199.9495,-43.96118,270,315,0
12.98,-257.9155,199.9495,-43.46217,270,315,0
13,-257.5987,199.9495,-42.96317,270,315,0
13.02,-257.2819,199.9495,-42.46416,270,315,0
13.04,-256.9651,199.9495,-41.96516,270,315,0
13.06,-256.6483,199.9494,-41.46616,270,315,0
13.08,-256.3315,199.9494,-40.96715,270,315,0
13.1,-256.0147,199.9494,-40.46815,270,315,0
13.12,-255.6979,199.9494,-39.96914,270,315,0
13.14,-255.3811,199.9494,-39.47014,270,315,0
13.16,-255.0643,199.9494,-38.97113,270,315,0
13.18,-254.7475,199.9494,-38.47213,270,315,0
13.2,-254.4307,199.9493,-37.97313,270,315,0
13.22,-254.1139,199.9493,-37.47412,270,315,0
13.24,-253.7971,199.9493,-36.97512,270,315,0
13.26,-253.4803,199.9493,-36.47611,270,315,0
13.28,-253.1635,199.9493,-35.97711,270,315,0
13.3,-252.8466,199.9493,-35.4781,270,315,0
13.32,-252.5298,199.9493,-34.9791,270,315,0
13.34,-252.213,199.9493,-34.48009,270,315,0
13.36,-251.8962,199.9493,-33.98109,270,315,0
13.38,-251.5794,199.9493,-33.48209,270,315,0
13.4,-251.2626,199.9493,-32.98309,270,315,0
13.42,-250.9458,199.9493,-32.48409,270,315,0
13.44,-250.629,199.9493,-31.98508,270,315,0
13.46,-250.3122,199.9493,-31.48608,270,315,0
13.48,-249.9954,199.9493,-30.98708,270,315,0
13.5,-249.6786,199.9493,-30.48808,270,315,0
13.52,-249.3618,199.9493,-29.98908,270,315,0
13.54,-249.045,199.9493,-29.49008,270,315,0
13.56,-248.7282,199.9493,-28.99108,270,315,0
13.58,-248.4114,199.9493,-28.49207,270,315,0
13.6,-248.0946,199.9493,-27.99307,270,315,0
13.62,-247.7778,199.9493,-27.49407,270,315,0
13.64,-247.461,199.9493,-26.99507,270,315,0
13.66,-247.1442,199.9493,-26.49607,270,315,0
13.68,-246.8274,199.9493,-25.99707,270,315,0
13.7,-246.5106,199.9493,-25.49807,270,315,0
13.72,-246.1938,199.9493,-24.99907,270,315,0
13.74,-245.877,199.9493,-24.50008,270,315,0
13.76,-245.5602,199.9493,-24.00108,270,315,0
13.78,-245.2434,199.9493,-23.50208,270,315,0
13.8,-244.9266,199.9493,-23.00308,270,315,0
13.82,-244.6098,199.9493,-22.50408,270,315,0
13.84,-244.293,199.9493,-22.00508,270,315,0
13.86,-243.9762,199.9493,-21.50608,270,315,0
13.88,-243.6593,199.9493,-21.00709,270,315,0
13.9,-243.3425,199.9493,-20.50809,270,315,0
13.92,-243.0257,199.9493,-20.00909,270,315,0
13.94,-242.7089,199.9493,-19.5101,270,315,0
13.96,-242.3921,199.9493,-19.0111,270,315,0
13.98,-242.0752,199.9493,-18.5121,270,315,0
14,-241.7584,199.9493,-18.01311,270,315,0
14.02,-241.4416,199.9493,-17.51411,270,315,0
14.04,-241.1248,199.9493,-17.01511,270,315,0
14.06,-240.808,199.9493,-16.51612,270,315,0
14.08,-240.4911,199.9493,-16.01712,270,315,0
14.1,-240.1743,199.9493,-15.51812,270,315,0
14.12,-239.8575,199.9493,-15.01913,270,315,0
14.14,-239.5407,199.9493,-14.52013,270,315,0
14.16,-239.2239,199.9493,-14.02114,270,315,0
14.18,-238.9071,199.9493,-13.52214,270,315,0
14.2,-238.5902,199.9493,-13.02315,270,315,0
14.22,-238.2734,199.9493,-12.52415,270,315,0
14.24,-237.9566,199.9493,-12.02516,270,315,0
14.26,-237.6398,199.9493,-11.52616,270,315,0
14.28,-237.323,199.9493,-11.02717,270,315,0
14.3,-237.0061,199.9493,-10.52818,270,315,0
14.32,-236.6893,199.9493,-10.02918,270,315,0
14.34,-236.3725,199.9493,-9.530188,270,315,0
14.36,-236.0557,199.9493,-9.031195,270,315,0
14.38,-235.7389,199.9494,-8.532202,270,315,0
14.4,-235.4221,199.9494,-8.033209,270,315,0
14.42,-235.1052,199.9494,-7.534216,270,315,0
14.44,-234.7884,199.9494,-7.035224,270,315,0
14.46,-234.4716,199.9494,-6.536232,270,315,0
14.48,-234.1548,199.9494,-6.03724,270,315,0
14.5,-233.838,199.9494,-5.538248,270,315,0
14.52,-233.5211,199.9495,-5.039256,270,315,0
14.54,-233.2043,199.9495,-4.540265,270,315,0
14.56,-232.8875,199.9495,-4.041274,270,315,0
14.58,-232.5707,199.9495,-3.542283,270,315,0
14.6,-232.2539,199.9495,-3.043292,270,315,0
14.62,-231.9371,199.9495,-2.544301,270,315,0
14.64,-231.6202,199.9496,-2.045311,270,315,0
14.66,-231.3034,199.9496,-1.546321,270,315,0
14.68,-230.9866,199.9496,-1.047331,270,315,0
14.7,-230.6698,199.9496,-0.5483412,270,315,0
14.72,-230.353,199.9496,-0.04935169,270,315,0
14.74,-230.0361,199.9496,0.4496376,270,315,0
14.76,-229.7193,199.9496,0.9486266,270,315,0
14.78,-229.4025,199.9497,1.447615,270,315,0
14.8,-229.0857,199.9497,1.946604,270,315,0
14.82,-228.7689,199.9497,2.445592,270,315,0
14.84,-228.452,199.9497,2.944581,270,315,0
14.86,-228.1352,199.9497,3.443569,270,315,0
14.88,-227.8184,199.9497,3.942556,270,315,0
14.9,-227.5015,199.9498,4.441544,270,315,0
14.92,-227.1847,199.9498,4.940531,270,315,0
14.94,-226.8679,199.9498,5.439518,270,315,0
14.96,-226.551,199.9498,5.938505,270,315,0
14.98,-226.2342,199.9498,6.437492,270,315,0
15,-225.9174,199.9498,6.936479,270,315,0
15.02,-225.6005,199.9498,7.435465,270,315,0
15.04,-225.2837,199.9499,7.934451,270,315,0
15.06,-224.9669,199.9499,8.433437,270,315,0
15.08,-224.65,199.9499,8.932423,270,315,0
15.1,-224.3332,199.9499,9.431408,270,315,0
15.12,-224.0164,199.9499,9.930393,270,315,0
15.14,-223.6995,199.9499,10.42938,270,315,0
15.16,-223.3827,199.95,10.92836,270,315,0
15.18,-223.0659,199.95,11.42735,270,315,0
15.2,-222.749,199.95,11.92633,270,315,0
15.22,-222.4322,199.95,12.42532,270,315,0
15.24,-222.1154,199.95,12.9243,270,315,0
15.26,-221.7985,199.95,13.42328,270,315,0
15.28,-221.4817,199.95,13.92227,270,315,0
15.3,-221.1649,199.9501,14.42125,270,315,0
15.32,-220.848,199.9501,14.92023,270,315,0
15.34,-220.5312,199.9501,15.41922,270,315,0
15.36,-220.2144,199.9501,15.9182,270,315,0
15.38,-219.8975,199.9502,16.41718,270,315,0
15.4,-219.5807,199.9502,16.91616,270,315,0
15.42,-219.2639,199.9502,17.41514,270,315,0
15.44,-218.947,199.9503,17.91413,270,315,0
15.46,-218.6302,199.9503,18.41311,270,315,0
15.48,-218.3134,199.9503,18.91209,270,315,0
15.5,-217.9965,199.9504,19.41107,270,315,0
15.52,-217.6797,199.9504,19.91005,270,315,0
15.54,-217.3629,199.9504,20.40903,270,315,0
15.56,-217.046,199.9505,20.90801,270,315,0
15.58,-216.7292,199.9505,21.40699,270,315,0
15.6,-216.4124,199.9505,21.90597,270,315,0
15.62,-216.0955,199.9505,22.40495,270,315,0
15.64,-215.7787,199.9506,22.90393,270,315,0
15.66,-215.4619,199.9506,23.40291,270,315,0
15.68,-215.145,199.9506,23.90189,270,315,0
15.7,-214.8282,199.9507,24.40087,270,315,0
15.72,-214.5113,199.9507,24.89984,270,315,0
15.74,-214.1945,199.9507,25.39882,270,315,0
15.76,-213.8776,199.9508,25.8978,270,315,0
15.78,-213.5608,199.9508,26.39678,270,315,0
15.8,-213.2439,199.9508,26.89575,270,315,0
15.82,-212.9271,199.9509,27.39473,270,315,0
15.84,-212.6102,199.9509,27.89371,270,315,0
15.86,-212.2934,199.9509,28.39268,270,315,0
15.88,-211.9765,199.9509,28.89166,270,315,0
15.9,-211.6597,199.951,29.39064,270,315,0
15.92,-211.3428,199.951,29.88961,270,315,0
15.94,-211.026,199.951,30.38859,270,315,0
15.96,-210.7091,199.9511,30.88756,270,315,0
15.98,-210.3923,199.9511,31.38654,270,315,0
16,-210.0754,199.9511,31.88552,270,315,0
16.02,-209.7586,199.9512,32.38449,270,315,0
16.04,-209.4417,199.9512,32.88346,270,315,0
16.06,-209.1249,199.9512,33.38244,270,315,0
16.08,-208.808,199.9512,33.88141,270,315,0
16.1,-208.4912,199.9513,34.38039,270,315,0
16.12,-208.1743,199.9513,34.87936,270,315,0
16.14,-207.8575,199.9513,35.37833,270,315,0
16.16,-207.5406,199.9514,35.87731,270,315,0
16.18,-207.2238,199.9514,36.37628,270,315,0
16.2,-206.907,199.9514,36.87526,270,315,0
16.22,-206.5901,199.9515,37.37423,270,315,0
16.24,-206.2733,199.9515,37.8732,270,315,0
16.26,-205.9564,199.9516,38.37217,270,315,0
16.28,-205.6396,199.9516,38.87114,270,315,0
16.3,-205.3227,199.9517,39.37011,270,315,0
16.32,-205.0059,199.9517,39.86908,270,315,0
16.34,-204.689,199.9518,40.36805,270,315,0
16.36,-204.3722,199.9518,40.86702,270,315,0
16.38,-204.0553,199.9519,41.36599,270,315,0
16.4,-203.7385,199.9519,41.86496,270,315,0
16.42,-203.4216,199.952,42.36393,270,315,0
16.44,-203.1048,199.952,42.8629,270,315,0
16.46,-202.7879,199.952,43.36187,270,315,0
16.48,-202.471,199.9521,43.86084,270,315,0
16.5,-202.1542,199.9521,44.35981,270,315,0
16.52,-201.8373,199.9522,44.85878,270,315,0
16.54,-201.5204,199.9522,45.35774,270,315,0
16.56,-201.2036,199.9523,45.85671,270,315,0
16.58,-200.8867,199.9523,46.35567,270,315,0
16.6,-200.5699,199.9524,46.85464,270,315,0
16.62,-200.253,199.9524,47.35361,270,315,0
16.64,-199.9361,199.9525,47.85257,270,315,0
16.66,-199.6193,199.9525,48.35154,270,315,0
16.68,-199.3024,199.9525,48.85051,270,315,0
16.7,-198.9855,199.9526,49.34947,270,315,0
16.72,-198.6687,199.9526,49.84844,270,315,0
16.74,-198.3518,199.9527,50.3474,270,315,0
16.76,-198.0349,199.9527,50.84637,270,315,0
16.78,-197.7181,199.9528,51.34534,270,315,0
16.8,-197.4012,199.9528,51.8443,270,315,0
16.82,-197.0844,199.9529,52.34326,270,315,0
16.84,-196.7675,199.9529,52.84222,270,315,0
16.86,-196.4506,199.953,53.34119,270,315,0
16.88,-196.1338,199.953,53.84015,270,315,0
16.9,-195.8169,199.953,54.3