0,312.3896,200,-179.5153,270,315,0
0.02,312.3896,200,-179.5153,270,315,0
0.04,311.9616,200.0104,-178.8352,270,315,0
0.06,311.6708,200.0031,-178.3991,270,315,0
0.08,311.3529,200.0067,-177.8759,270,315,0
0.09999999,311.0368,200.0054,-177.3836,270,315,0
0.12,310.7229,200.006,-176.8804,270,315,0
0.14,310.4072,200.006,-176.3811,270,315,0
0.16,310.0925,200.0061,-175.8804,270,315,0
0.18,309.7773,200.0062,-175.3802,270,315,0
0.2,309.4623,200.0063,-174.8798,270,315,0
0.22,309.1472,200.0064,-174.3794,270,315,0
0.24,308.8322,200.0065,-173.8791,270,315,0
0.26,308.5172,200.0066,-173.3787,270,315,0
0.28,308.2021,200.0067,-172.8784,270,315,0
0.3,307.8871,200.0068,-172.378,270,315,0
0.32,307.5721,200.0069,-171.8777,270,315,0
0.34,307.257,200.007,-171.3773,270,315,0
0.36,306.942,200.0072,-170.877,270,315,0
0.38,306.627,200.0073,-170.3766,270,315,0
0.4,306.312,200.0074,-169.8763,270,315,0
0.42,305.9969,200.0075,-169.3759,270,315,0
0.44,305.6819,200.0076,-168.8756,270,315,0
0.46,305.3669,200.0077,-168.3752,270,315,0
0.48,305.0518,200.0078,-167.8749,270,315,0
0.5,304.7368,200.0079,-167.3745,270,315,0
0.52,304.4218,200.008,-166.8742,270,315,0
0.54,304.1067,200.0081,-166.3738,270,315,0
0.56,303.7917,200.0082,-165.8735,270,315,0
0.58,303.4767,200.0083,-165.3731,270,315,0
0.6,303.1616,200.0084,-164.8728,270,315,0
0.62,302.8466,200.0085,-164.3724,270,315,0
0.64,302.5316,200.0087,-163.8721,270,315,0
0.66,302.2165,200.0088,-163.3717,270,315,0
0.68,301.9015,200.0089,-162.8714,270,315,0
0.7,301.5865,200.009,-162.371,270,315,0
0.72,301.2714,200.0091,-161.8707,270,315,0
0.74,300.9564,200.0092,-161.3703,270,315,0
0.76,300.6414,200.0093,-160.8699,270,315,0
0.78,300.3263,200.0094,-160.3696,270,315,0
0.8,300.0113,200.0095,-159.8692,270,315,0
0.82,299.6963,200.0096,-159.3689,270,315,0
0.84,299.3812,200.0097,-158.8685,270,315,0
0.86,299.0662,200.0098,-158.3682,270,315,0
0.88,298.7512,200.0099,-157.8678,270,315,0
0.9,298.4361,200.01,-157.3675,270,315,0
0.92,298.1211,200.0101,-156.8671,270,315,0
0.94,297.8061,200.0103,-156.3668,270,315,0
0.96,297.491,200.0104,-155.8664,270,315,0
0.98,297.176,200.0105,-155.3661,270,315,0
1,296.861,200.0106,-154.8657,270,315,0
1.02,296.5459,200.0107,-154.3654,270,315,0
1.04,296.2309,200.0108,-153.865,270,315,0
1.06,295.9159,200.0109,-153.3647,270,315,0
1.08,295.6008,200.011,-152.8643,270,315,0
1.1,295.2858,200.0111,-152.364,270,315,0
1.12,294.9708,200.0112,-151.8636,270,315,0
1.14,294.6557,200.0113,-151.3633,270,315,0
1.16,294.3407,200.0114,-150.8629,270,315,0
1.18,294.0257,200.0115,-150.3626,270,315,0
1.2,293.7106,200.0116,-149.8622,270,315,0
1.22,293.3956,200.0117,-149.3619,270,315,0
1.24,293.0806,200.0118,-148.8615,270,315,0
1.26,292.7655,200.0119,-148.3612,270,315,0
1.28,292.4505,200.0119,-147.8608,270,315,0
1.3,292.1355,200.012,-147.3605,270,315,0
1.32,291.8204,200.0121,-146.8601,270,315,0
1.34,291.5054,200.0122,-146.3598,270,315,0
1.36,291.1904,200.0123,-145.8594,270,315,0
1.38,290.8753,200.0124,-145.3591,270,315,0
1.4,290.5603,200.0125,-144.8587,270,315,0
1.42,290.2453,200.0126,-144.3584,270,315,0
1.44,289.9302,200.0127,-143.858,270,315,0
1.46,289.6152,200.0128,-143.3577,270,315,0
1.48,289.3002,200.0129,-142.8573,270,315,0
1.5,288.9851,200.013,-142.357,270,315,0
1.52,288.6701,200.013,-141.8566,270,315,0
1.54,288.3551,200.0131,-141.3563,270,315,0
1.56,288.04,200.0132,-140.8559,270,315,0
1.58,287.725,200.0133,-140.3556,270,315,0
1.6,287.41,200.0134,-139.8552,270,315,0
1.62,287.0949,200.0135,-139.3549,270,315,0
1.64,286.7799,200.0136,-138.8545,270,315,0
1.66,286.4649,200.0137,-138.3542,270,315,0
1.68,286.1498,200.0138,-137.8538,270,315,0
1.7,285.8348,200.0139,-137.3535,270,315,0
1.72,285.5198,200.014,-136.8531,270,315,0
1.74,285.2047,200.0141,-136.3528,270,315,0
1.76,284.8897,200.0141,-135.8524,270,315,0
1.78,284.5747,200.0142,-135.3521,270,315,0
1.8,284.2596,200.0143,-134.8517,270,315,0
1.82,283.9446,200.0144,-134.3513,270,315,0
1.84,283.6296,200.0145,-133.851,270,315,0
1.86,283.3145,200.0146,-133.3506,270,315,0
1.88,282.9995,200.0147,-132.8503,270,315,0
1.9,282.6845,200.0148,-132.3499,270,315,0
1.92,282.3694,200.0149,-131.8496,270,315,0
1.94,282.0544,200.015,-131.3492,270,315,0
1.96,281.7394,200.0151,-130.8489,270,315,0
1.98,281.4243,200.0152,-130.3485,270,315,0
2,281.1093,200.0152,-129.8482,270,315,0
2.02,280.7943,200.0153,-129.3478,270,315,0
2.04,280.4792,200.0154,-128.8475,270,315,0
2.06,280.1642,200.0155,-128.3471,270,315,0
2.08,279.8492,200.0156,-127.8468,270,315,0
2.1,279.5341,200.0157,-127.3464,270,315,0
2.12,279.2191,200.0158,-126.8461,270,315,0
2.14,278.9041,200.0159,-126.3457,270,315,0
2.16,278.5891,200.016,-125.8454,270,315,0
2.18,278.274,200.0161,-125.345,270,315,0
2.2,277.959,200.0162,-124.8446,270,315,0
2.22,277.644,200.0163,-124.3443,270,315,0
2.24,277.3289,200.0163,-123.8439,270,315,0
2.26,277.0139,200.0164,-123.3436,270,315,0
2.28,276.6989,200.0165,-122.8432,270,315,0
2.3,276.3838,200.0166,-122.3428,270,315,0
2.32,276.0688,200.0167,-121.8425,270,315,0
2.34,275.7538,200.0168,-121.3421,270,315,0
2.36,275.4387,200.0169,-120.8418,270,315,0
2.38,275.1237,200.017,-120.3414,270,315,0
2.4,274.8087,200.0171,-119.841,270,315,0
2.42,274.4936,200.0172,-119.3407,270,315,0
2.44,274.1786,200.0173,-118.8403,270,315,0
2.46,273.8636,200.0173,-118.34,270,315,0
2.48,273.5485,200.0174,-117.8396,270,315,0
2.5,273.2335,200.0175,-117.3393,270,315,0
2.52,272.9185,200.0176,-116.8389,270,315,0
2.54,272.6034,200.0177,-116.3385,270,315,0
2.56,272.2884,200.0178,-115.8382,270,315,0
2.58,271.9734,200.0179,-115.3378,270,315,0
2.6,271.6583,200.018,-114.8375,270,315,0
2.62,271.3433,200.0181,-114.3371,270,315,0
2.64,271.0283,200.0182,-113.8367,270,315,0
2.66,270.7132,200.0183,-113.3364,270,315,0
2.68,270.3982,200.0184,-112.836,270,315,0
2.7,270.0832,200.0184,-112.3357,270,315,0
2.72,269.7681,200.0185,-111.8353,270,315,0
2.74,269.4531,200.0186,-111.335,270,315,0
2.76,269.1381,200.0187,-110.8346,270,315,0
2.78,268.823,200.0188,-110.3342,270,315,0
2.8,268.508,200.0189,-109.8339,270,315,0
2.82,268.193,200.019,-109.3335,270,315,0
2.84,267.8779,200.0191,-108.8332,270,315,0
2.86,267.5629,200.0192,-108.3328,270,315,0
2.88,267.2479,200.0193,-107.8324,270,315,0
2.9,266.9328,200.0194,-107.3321,270,315,0
2.92,266.6178,200.0195,-106.8317,270,315,0
2.94,266.3028,200.0195,-106.3314,270,315,0
2.96,265.9877,200.0196,-105.831,270,315,0
2.98,265.6727,200.0197,-105.3307,270,315,0
3,265.3577,200.0198,-104.8303,270,315,0
3.02,265.0426,200.0199,-104.3299,270,315,0
3.04,264.7276,200.02,-103.8296,270,315,0
3.06,264.4126,200.0201,-103.3292,270,315,0
3.08,264.0975,200.0202,-102.8289,270,315,0
3.1,263.7825,200.0203,-102.3285,270,315,0
3.12,263.4675,200.0204,-101.8281,270,315,0
3.14,263.1524,200.0205,-101.3278,270,315,0
3.16,262.8374,200.0206,-100.8274,270,315,0
3.18,262.5224,200.0206,-100.3271,270,315,0
3.2,262.2073,200.0207,-99.82671,270,315,0
3.22,261.8923,200.0208,-99.32635,270,315,0
3.24,261.5773,200.0209,-98.82599,270,315,0
3.26,261.2622,200.021,-98.32563,270,315,0
3.28,260.9472,200.0211,-97.82527,270,315,0
3.3,260.6322,200.0212,-97.32491,270,315,0
3.32,260.3171,200.0213,-96.82455,270,315,0
3.34,260.0021,200.0214,-96.3242,270,315,0
3.36,259.6871,200.0215,-95.82384,270,315,0
3.38,259.372,200.0216,-95.32348,270,315,0
3.4,259.057,200.0217,-94.82312,270,315,0
3.42,258.742,200.0217,-94.32276,270,315,0
3.44,258.4269,200.0218,-93.8224,270,315,0
3.46,258.1119,200.0219,-93.32204,270,315,0
3.48,257.7969,200.022,-92.82169,270,315,0
3.5,257.4818,200.0221,-92.32133,270,315,0
3.52,257.1668,200.0222,-91.82097,270,315,0
3.54,256.8518,200.0223,-91.32061,270,315,0
3.56,256.5367,200.0224,-90.82025,270,315,0
3.58,256.2217,200.0225,-90.31989,270,315,0
3.6,255.9067,200.0226,-89.81953,270,315,0
3.62,255.5917,200.0227,-89.31918,270,315,0
3.64,255.2767,200.0228,-88.81882,270,315,0
3.66,254.9616,200.0228,-88.31846,270,315,0
3.68,254.6466,200.0229,-87.8181,270,315,0
3.7,254.3316,200.023,-87.31774,270,315,0
3.72,254.0166,200.0231,-86.81738,270,315,0
3.74,253.7016,200.0232,-86.31702,270,315,0
3.76,253.3866,200.0233,-85.81667,270,315,0
3.78,253.0715,200.0234,-85.31631,270,315,0
3.8,252.7565,200.0235,-84.81595,270,315,0
3.82,252.4415,200.0236,-84.31559,270,315,0
3.84,252.1265,200.0237,-83.81523,270,315,0
3.86,251.8115,200.0238,-83.31487,270,315,0
3.88,251.4964,200.0238,-82.81451,270,315,0
3.9,251.1814,200.0239,-82.31416,270,315,0
3.92,250.8664,200.024,-81.8138,270,315,0
3.94,250.5514,200.0241,-81.31344,270,315,0
3.96,250.2364,200.0242,-80.81308,270,315,0
3.98,249.9214,200.0243,-80.31272,270,315,0
4,249.6063,200.0244,-79.81236,270,315,0
4.02,249.2913,200.0245,-79.312,270,315,0
4.04,248.9763,200.0246,-78.81165,270,315,0
4.06,248.6613,200.0247,-78.31129,270,315,0
4.08,248.3463,200.0248,-77.81093,270,315,0
4.1,248.0313,200.0249,-77.31056,270,315,0
4.12,247.7162,200.0249,-76.8102,270,315,0
4.14,247.4012,200.025,-76.30983,270,315,0
4.16,247.0862,200.0251,-75.80946,270,315,0
4.18,246.7712,200.0252,-75.3091,270,315,0
4.2,246.4562,200.0253,-74.80873,270,315,0
4.22,246.1411,200.0254,-74.30836,270,315,0
4.24,245.8261,200.0255,-73.808,270,315,0
4.26,245.5111,200.0256,-73.30763,270,315,0
4.28,245.1961,200.0256,-72.80727,270,315,0
4.3,244.8811,200.0257,-72.3069,270,315,0
4.32,244.5661,200.0258,-71.80653,270,315,0
4.34,244.251,200.0259,-71.30617,270,315,0
4.36,243.936,200.0259,-70.8058,270,315,0
4.38,243.621,200.026,-70.30544,270,315,0
4.4,243.306,200.0261,-69.80507,270,315,0
4.42,242.991,200.0262,-69.3047,270,315,0
4.44,242.6759,200.0262,-68.80434,270,315,0
4.46,242.3609,200.0263,-68.30397,270,315,0
4.48,242.0459,200.0264,-67.8036,270,315,0
4.5,241.7309,200.0265,-67.30324,270,315,0
4.52,241.4159,200.0266,-66.80287,270,315,0
4.54,241.1009,200.0266,-66.30251,270,315,0
4.56,240.7858,200.0267,-65.80214,270,315,0
4.58,240.4708,200.0268,-65.30177,270,315,0
4.6,240.1558,200.0269,-64.80141,270,315,0
4.62,239.8408,200.0269,-64.30104,270,315,0
4.64,239.5258,200.027,-63.80067,270,315,0
4.66,239.2108,200.0271,-63.30031,270,315,0
4.68,238.8957,200.0272,-62.79994,270,315,0
4.7,238.5807,200.0272,-62.29958,270,315,0
4.72,238.2657,200.0273,-61.79921,270,315,0
4.74,237.9507,200.0274,-61.29884,270,315,0
4.76,237.6357,200.0275,-60.79848,270,315,0
4.78,237.3206,200.0275,-60.29811,270,315,0
4.8,237.0056,200.0276,-59.79774,270,315,0
4.82,236.6906,200.0277,-59.29738,270,315,0
4.84,236.3756,200.0278,-58.79701,270,315,0
4.86,236.0606,200.0278,-58.29665,270,315,0
4.88,235.7456,200.0279,-57.79628,270,315,0
4.9,235.4305,200.028,-57.29591,270,315,0
4.92,235.1155,200.0281,-56.79555,270,315,0
4.94,234.8005,200.0282,-56.29518,270,315,0
4.96,234.4855,200.0282,-55.79482,270,315,0
4.98,234.1705,200.0283,-55.29445,270,315,0
5,233.8555,200.0284,-54.79408,270,315,0
5.02,233.5404,200.0285,-54.29372,270,315,0
5.04,233.2254,200.0285,-53.79335,270,315,0
5.06,232.9104,200.0286,-53.29298,270,315,0
5.08,232.5954,200.0287,-52.79262,270,315,0
5.1,232.2804,200.0288,-52.29225,270,315,0
5.12,231.9653,200.0288,-51.79189,270,315,0
5.14,231.6503,200.0289,-51.29152,270,315,0
5.16,231.3353,200.029,-50.79115,270,315,0
5.18,231.0203,200.0291,-50.29079,270,315,0
5.2,230.7053,200.0291,-49.79042,270,315,0
5.22,230.3903,200.0292,-49.29005,270,315,0
5.24,230.0752,200.0293,-48.78969,270,315,0
5.26,229.7602,200.0294,-48.28932,270,315,0
5.28,229.4452,200.0294,-47.78896,270,315,0
5.3,229.1302,200.0295,-47.28859,270,315,0
5.32,228.8152,200.0296,-46.78822,270,315,0
5.34,228.5002,200.0297,-46.28786,270,315,0
5.36,228.1851,200.0298,-45.78749,270,315,0
5.38,227.8701,200.0298,-45.28712,270,315,0
5.4,227.5551,200.0299,-44.78676,270,315,0
5.42,227.2401,200.03,-44.28639,270,315,0
5.44,226.9251,200.0301,-43.78603,270,315,0
5.46,226.61,200.0301,-43.28566,270,315,0
5.48,226.295,200.0302,-42.78529,270,315,0
5.5,225.98,200.0303,-42.28493,270,315,0
5.52,225.665,200.0304,-41.78456,270,315,0
5.54,225.35,200.0304,-41.28419,270,315,0
5.56,225.035,200.0305,-40.78382,270,315,0
5.58,224.7199,200.0306,-40.28345,270,315,0
5.6,224.4049,200.0307,-39.78308,270,315,0
5.62,224.0899,200.0307,-39.28271,270,315,0
5.64,223.7749,200.0308,-38.78234,270,315,0
5.66,223.4599,200.0309,-38.28197,270,315,0
5.68,223.1449,200.031,-37.7816,270,315,0
5.7,222.8299,200.0311,-37.28123,270,315,0
5.72,222.5149,200.0311,-36.78086,270,315,0
5.74,222.1999,200.0312,-36.28049,270,315,0
5.76,221.8849,200.0313,-35.78012,270,315,0
5.78,221.5699,200.0314,-35.27975,270,315,0
5.8,221.2549,200.0314,-34.77938,270,315,0
5.82,220.9399,200.0315,-34.27901,270,315,0
5.84,220.6249,200.0316,-33.77864,270,315,0
5.86,220.3099,200.0317,-33.27827,270,315,0
5.88,219.9949,200.0317,-32.7779,270,315,0
5.9,219.6799,200.0318,-32.27753,270,315,0
5.92,219.3649,200.0319,-31.77716,270,315,0
5.94,219.0499,200.032,-31.27679,270,315,0
5.96,218.7349,200.032,-30.77642,270,315,0
5.98,218.4199,200.0321,-30.27605,270,315,0
6,218.1049,200.0322,-29.77568,270,315,0
6.02,217.7899,200.0323,-29.27531,270,315,0
6.04,217.4749,200.0323,-28.77494,270,315,0
6.06,217.1599,200.0324,-28.27457,270,315,0
6.08,216.8448,200.0325,-27.7742,270,315,0
6.1,216.5298,200.0326,-27.27383,270,315,0
6.12,216.2148,200.0327,-26.77346,270,315,0
6.14,215.8998,200.0327,-26.27309,270,315,0
6.16,215.5848,200.0328,-25.77272,270,315,0
6.18,215.2698,200.0329,-25.27235,270,315,0
6.2,214.9548,200.033,-24.77198,270,315,0
6.22,214.6398,200.033,-24.27161,270,315,0
6.24,214.3248,200.0331,-23.77123,270,315,0
6.26,214.0098,200.0332,-23.27086,270,315,0
6.28,213.6948,200.0333,-22.77049,270,315,0
6.3,213.3798,200.0333,-22.27012,270,315,0
6.32,213.0648,200.0334,-21.76975,270,315,0
6.34,212.7498,200.0335,-21.26937,270,315,0
6.36,212.4348,200.0336,-20.769,270,315,0
6.38,212.1198,200.0336,-20.26863,270,315,0
6.4,211.8048,200.0337,-19.76826,270,315,0
6.42,211.4898,200.0338,-19.26789,270,315,0
6.44,211.1748,200.0339,-18.76752,270,315,0
6.46,210.8598,200.034,-18.26714,270,315,0
6.48,210.5448,200.034,-17.76677,270,315,0
6.5,210.2298,200.0341,-17.2664,270,315,0
6.52,209.9148,200.0342,-16.76603,270,315,0
6.54,209.5998,200.0343,-16.26566,270,315,0
6.56,209.2848,200.0343,-15.76528,270,315,0
6.58,208.9698,200.0344,-15.26491,270,315,0
6.6,208.6548,200.0345,-14.76454,270,315,0
6.62,208.3398,200.0346,-14.26416,270,315,0
6.64,208.0248,200.0346,-13.76379,270,315,0
6.66,207.7098,200.0347,-13.26342,270,315,0
6.68,207.3948,200.0348,-12.76305,270,315,0
6.7,207.0798,200.0349,-12.26267,270,315,0
6.72,206.7648,200.0349,-11.7623,270,315,0
6.74,206.4498,200.035,-11.26193,270,315,0
6.76,206.1348,200.0351,-10.76155,270,315,0
6.78,205.8198,200.0352,-10.26118,270,315,0
6.8,205.5048,200.0352,-9.760804,270,315,0
6.82,205.1898,200.0353,-9.26043,270,315,0
6.84,204.8748,200.0354,-8.760056,270,315,0
6.86,204.5598,200.0355,-8.259683,270,315,0
6.88,204.2448,200.0356,-7.759309,270,315,0
6.9,203.9297,200.0356,-7.258935,270,315,0
6.92,203.6147,200.0357,-6.758561,270,315,0
6.94,203.2997,200.0358,-6.258186,270,315,0
6.96,202.9847,200.0358,-5.757812,270,315,0
6.98,202.6697,200.0359,-5.257438,270,315,0
7,202.3547,200.0359,-4.757063,270,315,0
7.02,202.0397,200.036,-4.256689,270,315,0
7.04,201.7247,200.0361,-3.756314,270,315,0
7.06,201.4097,200.0361,-3.255939,270,315,0
7.08,201.0947,200.0362,-2.755564,270,315,0
7.1,200.7797,200.0363,-2.255189,270,315,0
7.12,200.4647,200.0363,-1.754814,270,315,0
7.14,200.1497,200.0364,-1.254439,270,315,0
7.16,199.8347,200.0364,-0.7540636,270,315,0
7.18,199.5197,200.0365,-0.2536883,270,315,0
7.2,199.2047,200.0366,0.2466872,270,315,0
7.22,198.8897,200.0366,0.7470627,270,315,0
7.24,198.5747,200.0367,1.247438,270,315,0
7.26,198.2597,200.0367,1.747814,270,315,0
7.28,197.9447,200.0368,2.24819,270,315,0
7.3,197.6297,200.0369,2.748566,270,315,0
7.32,197.3147,200.0369,3.248942,270,315,0
7.34,196.9997,200.037,3.749318,270,315,0
7.36,196.6847,200.037,4.249694,270,315,0
7.38,196.3697,200.0371,4.75007,270,315,0
7.4,196.0547,200.0372,5.250446,270,315,0
7.42,195.7397,200.0372,5.750823,270,315,0
7.44,195.4247,200.0373,6.2512,270,315,0
7.46,195.1097,200.0374,6.751576,270,315,0
7.48,194.7947,200.0374,7.251953,270,315,0
7.5,194.4797,200.0375,7.75233,270,315,0
7.52,194.1647,200.0375,8.252707,270,315,0
7.54,193.8497,200.0376,8.753083,270,315,0
7.56,193.5347,200.0377,9.25346,270,315,0
7.58,193.2197,200.0377,9.753838,270,315,0
7.6,192.9047,200.0378,10.25422,270,315,0
7.62,192.5897,200.0378,10.75459,270,315,0
7.64,192.2747,200.0379,11.25497,270,315,0
7.66,191.9597,200.038,11.75535,270,315,0
7.68,191.6447,200.038,12.25573,270,315,0
7.7,191.3297,200.0381,12.7561,270,315,0
7.72,191.0146,200.0381,13.25648,270,315,0
7.74,190.6996,200.0382,13.75686,270,315,0
7.76,190.3846,200.0383,14.25724,270,315,0
7.78,190.0696,200.0383,14.75762,270,315,0
7.8,189.7546,200.0384,15.25799,270,315,0
7.82,189.4397,200.0385,15.75837,270,315,0
7.84,189.1247,200.0385,16.25875,270,315,0
7.86,188.8097,200.0386,16.75913,270,315,0
7.88,188.4947,200.0386,17.25951,270,315,0
7.9,188.1797,200.0387,17.75989,270,315,0
7.92,187.8647,200.0388,18.26027,270,315,0
7.94,187.5497,200.0388,18.76065,270,315,0
7.96,187.2347,200.0389,19.26103,270,315,0
7.98,186.9198,200.0389,19.76141,270,315,0
8,186.6048,200.039,20.26179,270,315,0
8.02,186.2898,200.0391,20.76217,270,315,0
8.04,185.9748,200.0391,21.26254,270,315,0
8.059999,185.6598,200.0392,21.76292,270,315,0
8.08,185.3448,200.0392,22.2633,270,315,0
8.099999,185.0298,200.0393,22.76368,270,315,0
8.12,184.7148,200.0394,23.26406,270,315,0
8.139999,184.3999,200.0394,23.76444,270,315,0
8.16,184.0849,200.0395,24.26482,270,315,0
8.179999,183.7699,200.0396,24.7652,270,315,0
8.2,183.4549,200.0396,25.26558,270,315,0
8.22,183.1399,200.0397,25.76596,270,315,0
8.24,182.8249,200.0397,26.26634,270,315,0
8.26,182.5099,200.0398,26.76672,270,315,0
8.28,182.1949,200.0399,27.2671,270,315,0
8.3,181.88,200.0399,27.76748,270,315,0
8.32,181.565,200.04,28.26786,270,315,0
8.34,181.25,200.04,28.76825,270,315,0
8.36,180.935,200.0401,29.26863,270,315,0
8.38,180.62,200.0402,29.76901,270,315,0
8.4,180.305,200.0402,30.26939,270,315,0
8.42,179.99,200.0403,30.76977,270,315,0
8.44,179.675,200.0403,31.27015,270,315,0
8.46,179.3601,200.0404,31.77053,270,315,0
8.48,179.0451,200.0405,32.27092,270,315,0
8.5,178.7301,200.0405,32.7713,270,315,0
8.52,178.4151,200.0406,33.27168,270,315,0
8.54,178.1001,200.0406,33.77206,270,315,0
8.559999,177.7851,200.0407,34.27244,270,315,0
8.58,177.4701,200.0408,34.77282,270,315,0
8.599999,177.1552,200.0408,35.2732,270,315,0
8.62,176.8402,200.0409,35.77359,270,315,0
8.639999,176.5252,200.041,36.27397,270,315,0
8.66,176.2102,200.041,36.77435,270,315,0
8.679999,175.8952,200.0411,37.27473,270,315,0
8.7,175.5802,200.0411,37.77511,270,315,0
8.72,175.2652,200.0412,38.27549,270,315,0
8.74,174.9502,200.0413,38.77588,270,315,0
8.76,174.6353,200.0413,39.27626,270,315,0
8.78,174.3203,200.0414,39.77664,270,315,0
8.8,174.0053,200.0414,40.27702,270,315,0
8.82,173.6903,200.0415,40.7774,270,315,0
8.84,173.3753,200.0416,41.27778,270,315,0
8.86,173.0603,200.0416,41.77817,270,315,0
8.88,172.7453,200.0417,42.27855,270,315,0
8.9,172.4303,200.0417,42.77894,270,315,0
8.92,172.1154,200.0418,43.27932,270,315,0
8.94,171.8004,200.0419,43.77971,270,315,0
8.96,171.4854,200.0419,44.28009,270,315,0
8.98,171.1704,200.042,44.78048,270,315,0
9,170.8554,200.0421,45.28086,270,315,0
9.02,170.5404,200.0421,45.78125,270,315,0
9.04,170.2254,200.0422,46.28164,270,315,0
9.059999,169.9104,200.0422,46.78202,270,315,0
9.08,169.5955,200.0423,47.28241,270,315,0
9.099999,169.2805,200.0424,47.78279,270,315,0
9.12,168.9655,200.0424,48.28318,270,315,0
9.139999,168.6505,200.0425,48.78356,270,315,0
9.16,168.3355,200.0425,49.28395,270,315,0
9.179999,168.0205,200.0426,49.78433,270,315,0
9.2,167.7055,200.0427,50.28472,270,315,0
9.22,167.3905,200.0427,50.7851,270,315,0
9.24,167.0756,200.0428,51.28549,270,315,0
9.26,166.7606,200.0428,51.78587,270,315,0
9.28,166.4456,200.0429,52.28626,270,315,0
9.3,166.1306,200.0429,52.78664,270,315,0
9.32,165.8156,200.043,53.28703,270,315,0
9.34,165.5006,200.043,53.78741,270,315,0
9.36,165.1856,200.0431,54.2878,270,315,0
9.38,164.8707,200.0431,54.78819,270,315,0
9.4,164.5557,200.0432,55.28857,270,315,0
9.42,164.2407,200.0432,55.78896,270,315,0
9.44,163.9257,200.0433,56.28934,270,315,0
9.46,163.6107,200.0433,56.78973,270,315,0
9.48,163.2957,200.0434,57.29011,270,315,0
9.5,162.9807,200.0434,57.7905,270,315,0
9.52,162.6657,200.0434,58.29088,270,315,0
9.54,162.3508,200.0435,58.79127,270,315,0
9.559999,162.0358,200.0435,59.29165,270,315,0
9.58,161.7208,200.0436,59.79204,270,315,0
9.599999,161.4058,200.0436,60.29243,270,315,0
9.62,161.0908,200.0437,60.79282,270,315,0
9.639999,160.7758,200.0437,61.29321,270,315,0
9.66,160.4608,200.0438,61.79359,270,315,0
9.679999,160.1458,200.0438,62.29398,270,315,0
9.7,159.8309,200.0439,62.79437,270,315,0
9.719999,159.5159,200.0439,63.29476,270,315,0
9.74,159.2009,200.0439,63.79515,270,315,0
9.76,158.8859,200.044,64.29554,270,315,0
9.78,158.571,200.044,64.79593,270,315,0
9.8,158.256,200.0441,65.29632,270,315,0
9.82,157.941,200.0441,65.79671,270,315,0
9.84,157.626,200.0442,66.2971,270,315,0
9.86,157.3111,200.0442,66.79749,270,315,0
9.88,156.9961,200.0443,67.29787,270,315,0
9.9,156.6811,200.0443,67.79826,270,315,0
9.92,156.3661,200.0444,68.29865,270,315,0
9.94,156.0512,200.0444,68.79904,270,315,0
9.96,155.7362,200.0444,69.29943,270,315,0
9.98,155.4212,200.0445,69.79982,270,315,0
10,155.1063,200.0445,70.30021,270,315,0
10.02,154.7913,200.0446,70.8006,270,315,0
10.04,154.4763,200.0446,71.30099,270,315,0
10.06,154.1613,200.0447,71.80138,270,315,0
10.08,153.8464,200.0447,72.30177,270,315,0
10.1,153.5314,200.0448,72.80215,270,315,0
10.12,153.2164,200.0448,73.30254,270,315,0
10.14,152.9015,200.0449,73.80293,270,315,0
10.16,152.5865,200.0449,74.30332,270,315,0
10.18,152.2715,200.045,74.80371,270,315,0
10.2,151.9565,200.045,75.3041,270,315,0
10.22,151.6416,200.045,75.80449,270,315,0
10.24,151.3266,200.0451,76.30488,270,315,0
10.26,151.0116,200.0451,76.80527,270,315,0
10.28,150.6967,200.0452,77.30566,270,315,0
10.3,150.3817,200.0452,77.80605,270,315,0
10.32,150.0667,200.0453,78.30643,270,315,0
10.34,149.7517,200.0453,78.80682,270,315,0
10.36,149.4368,200.0454,79.30721,270,315,0
10.38,149.1218,200.0454,79.8076,270,315,0
10.4,148.8068,200.0455,80.30799,270,315,0
10.42,148.4919,200.0455,80.80838,270,315,0
10.44,148.1769,200.0455,81.30877,270,315,0
10.46,147.8619,200.0456,81.80916,270,315,0
10.48,147.5469,200.0456,82.30955,270,315,0
10.5,147.232,200.0457,82.80994,270,315,0
10.52,146.917,200.0457,83.31033,270,315,0
10.54,146.602,200.0458,83.81071,270,315,0
10.56,146.287,200.0458,84.3111,270,315,0
10.58,145.9721,200.0459,84.81149,270,315,0
10.6,145.6571,200.0459,85.31188,270,315,0
10.62,145.3421,200.046,85.81227,270,315,0
10.64,145.0272,200.046,86.31267,270,315,0
10.66,144.7122,200.0461,86.81306,270,315,0
10.68,144.3972,200.0461,87.31346,270,315,0
10.7,144.0822,200.0461,87.81386,270,315,0
10.72,143.7673,200.0462,88.31425,270,315,0
10.74,143.4523,200.0462,88.81465,270,315,0
10.76,143.1373,200.0463,89.31505,270,315,0
10.78,142.8224,200.0463,89.81544,270,315,0
10.8,142.5074,200.0464,90.31584,270,315,0
10.82,142.1924,200.0464,90.81624,270,315,0
10.84,141.8774,200.0465,91.31664,270,315,0
10.86,141.5625,200.0465,91.81703,270,315,0
10.88,141.2475,200.0466,92.31743,270,315,0
10.9,140.9325,200.0466,92.81783,270,315,0
10.92,140.6176,200.0466,93.31822,270,315,0
10.94,140.3026,200.0467,93.81862,270,315,0
10.96,139.9876,200.0467,94.31902,270,315,0
10.98,139.6726,200.0468,94.81941,270,315,0
11,139.3577,200.0468,95.31981,270,315,0
11.02,139.0427,200.0469,95.82021,270,315,0
11.04,138.7277,200.0469,96.3206,270,315,0
11.06,138.4128,200.047,96.821,270,315,0
11.08,138.0978,200.047,97.3214,270,315,0
11.1,137.7828,200.0471,97.82179,270,315,0
11.12,137.4678,200.0471,98.32219,270,315,0
11.14,137.1529,200.0471,98.82259,270,315,0
11.16,136.8379,200.0472,99.32298,270,315,0
11.18,136.5229,200.0472,99.82338,270,315,0
11.2,136.2079,200.0473,100.3238,270,315,0
11.22,135.893,200.0473,100.8242,270,315,0
11.24,135.578,200.0474,101.3246,270,315,0
11.26,135.263,200.0474,101.825,270,315,0
11.28,134.9481,200.0475,102.3254,270,315,0
11.3,134.6331,200.0475,102.8258,270,315,0
11.32,134.3181,200.0475,103.3262,270,315,0
11.34,134.0031,200.0476,103.8266,270,315,0
11.36,133.6882,200.0476,104.327,270,315,0
11.38,133.3732,200.0476,104.8273,270,315,0
11.4,133.0582,200.0477,105.3277,270,315,0
11.42,132.7433,200.0477,105.8281,270,315,0
11.44,132.4283,200.0477,106.3285,270,315,0
11.46,132.1134,200.0477,106.8289,270,315,0
11.48,131.7984,200.0478,107.3293,270,315,0
11.5,131.4834,200.0478,107.8297,270,315,0
11.52,131.1685,200.0478,108.3301,270,315,0
11.54,130.8535,200.0479,108.8305,270,315,0
11.56,130.5386,200.0479,109.3309,270,315,0
11.58,130.2236,200.0479,109.8313,270,315,0
11.6,129.9087,200.048,110.3317,270,315,0
11.62,129.5937,200.048,110.8321,270,315,0
11.64,129.2787,200.048,111.3325,270,315,0
11.66,128.9638,200.048,111.8329,270,315,0
11.68,128.6488,200.0481,112.3333,270,315,0
11.7,128.3339,200.0481,112.8337,270,315,0
11.72,128.0189,200.0481,113.3341,270,315,0
11.74,127.704,200.0482,113.8345,270,315,0
11.76,127.389,200.0482,114.3349,270,315,0
11.78,127.074,200.0482,114.8353,270,315,0
11.8,126.7591,200.0483,115.3357,270,315,0
11.82,126.4441,200.0483,115.8361,270,315,0
11.84,126.1292,200.0483,116.3365,270,315,0
11.86,125.8142,200.0484,116.8369,270,315,0
11.88,125.4992,200.0484,117.3373,270,315,0
11.9,125.1843,200.0484,117.8377,270,315,0
11.92,124.8693,200.0484,118.3381,270,315,0
11.94,124.5544,200.0485,118.8385,270,315,0
11.96,124.2394,200.0485,119.3389,270,315,0
11.98,123.9245,200.0485,119.8393,270,315,0
12,123.6095,200.0486,120.3397,270,315,0
12.02,123.2945,200.0486,120.8401,270,315,0
12.04,122.9796,200.0486,121.3405,270,315,0
12.06,122.6646,200.0487,121.8409,270,315,0
12.08,122.3497,200.0487,122.3413,270,315,0
12.1,122.0347,200.0487,122.8417,270,315,0
12.12,121.7198,200.0488,123.3421,270,315,0
12.14,121.4048,200.0488,123.8425,270,315,0
12.16,121.0898,200.0488,124.3429,270,315,0
12.18,120.7749,200.0488,124.8433,270,315,0
12.2,120.4599,200.0489,125.3437,270,315,0
12.22,120.145,200.0489,125.8441,270,315,0
12.24,119.83,200.0489,126.3445,270,315,0
12.26,119.5151,200.049,126.8449,270,315,0
12.28,119.2001,200.049,127.3453,270,315,0
12.3,118.8851,200.049,127.8457,270,315,0
12.32,118.5702,200.0491,128.3461,270,315,0
12.34,118.2552,200.0491,128.8465,270,315,0
12.36,117.9403,200.0491,129.3469,270,315,0
12.38,117.6253,200.0491,129.8473,270,315,0
12.4,117.3104,200.0492,130.3477,270,315,0
12.42,116.9954,200.0492,130.8481,270,315,0
12.44,116.6805,200.0492,131.3485,270,315,0
12.46,116.3655,200.0493,131.8489,270,315,0
12.48,116.0505,200.0493,132.3493,270,315,0
12.5,115.7356,200.0493,132.8497,270,315,0
12.52,115.4206,200.0494,133.3501,270,315,0
12.54,115.1057,200.0494,133.8505,270,315,0
12.56,114.7907,200.0494,134.351,270,315,0
12.58,114.4758,200.0495,134.8514,270,315,0
12.6,114.1608,200.0495,135.3518,270,315,0
12.62,113.8459,200.0495,135.8522,270,315,0
12.64,113.5309,200.0495,136.3526,270,315,0
12.66,113.216,200.0496,136.853,270,315,0
12.68,112.901,200.0496,137.3534,270,315,0
12.7,112.5861,200.0496,137.8538,270,315,0
12.72,112.2711,200.0497,138.3542,270,315,0
12.74,111.9562,200.0497,138.8547,270,315,0
12.76,111.6412,200.0497,139.3551,270,315,0
12.78,111.3263,200.0498,139.8555,270,315,0
12.8,111.0113,200.0498,140.3559,270,315,0
12.82,110.6964,200.0498,140.8563,270,315,0
12.84,110.3814,200.0499,141.3567,270,315,0
12.86,110.0665,200.0499,141.8571,270,315,0
12.88,109.7515,200.0499,142.3575,270,315,0
12.9,109.4366,200.0499,142.858,270,315,0
12.92,109.1216,200.05,143.3584,270,315,0
12.94,108.8067,200.05,143.8588,270,315,0
12.96,108.4917,200.05,144.3592,270,315,0
12.98,108.1768,200.0501,144.8596,270,315,0
13,107.8618,200.0501,145.36,270,315,0
13.02,107.5469,200.0501,145.8604,270,315,0
13.04,107.2319,200.0502,146.3608,270,315,0
13.06,106.917,200.0502,146.8613,270,315,0
13.08,106.602,200.0502,147.3617,270,315,0
13.1,106.2871,200.0502,147.8621,270,315,0
13.12,105.9721,200.0502,148.3625,270,315,0
13.14,105.6572,200.0502,148.8629,270,315,0
13.16,105.3422,200.0503,149.3633,270,315,0
13.18,105.0273,200.0503,149.8637,270,315,0
13.2,104.7123,200.0503,150.3641,270,315,0
13.22,104.3974,200.0503,150.8645,270,315,0
13.24,104.0824,200.0503,151.365,270,315,0
13.26,103.7675,200.0503,151.8654,270,315,0
13.28,103.4525,200.0504,152.3658,270,315,0
13.3,103.1376,200.0504,152.8662,270,315,0
13.32,102.8227,200.0504,153.3666,270,315,0
13.34,102.5077,200.0504,153.867,270,315,0
13.36,102.1928,200.0504,154.3674,270,315,0
13.38,101.8778,200.0504,154.8678,270,315,0
13.4,101.5629,200.0504,155.3683,270,315,0
13.42,101.248,200.0505,155.8687,270,315,0
13.44,100.933,200.0505,156.3691,270,315,0
13.46,100.6181,200.0505,156.8695,270,315,0
13.48,100.3031,200.0505,157.3699,270,315,0
13.5,99.98819,200.0505,157.8703,270,315,0
13.52,99.67325,200.0505,158.3707,270,315,0
13.54,99.35831,200.0506,158.8711,270,315,0
13.56,99.04337,200.0506,159.3716,270,315,0
13.58,98.72842,200.0506,159.872,270,315,0
13.6,98.41348,200.0506,160.3724,270,315,0
13.62,98.09854,200.0506,160.8728,270,315,0
13.64,97.7836,200.0506,161.3732,270,315,0
13.66,97.46866,200.0506,161.8736,270,315,0
13.68,97.15372,200.0507,162.374,270,315,0
13.7,96