0,15,1,15,270,315,0
0.02,15,1,15,270,315,0
0.04,15,1.267867,14.99347,270,315,0
0.06,15,1.43948,14.99804,270,315,0
0.08,14.99979,1.64568,14.99547,270,315,0
0.09999999,15.00001,1.839445,14.9966,270,315,0
0.12,14.99985,2.037693,14.996,270,315,0
0.14,14.99994,2.234317,14.99616,270,315,0
0.16,14.99989,2.431534,14.996,270,315,0
0.18,14.99991,2.628532,14.99597,270,315,0
0.2,14.9999,2.825612,14.99589,270,315,0
0.22,14.9999,3.022661,14.99583,270,315,0
0.24,14.9999,3.219721,14.99576,270,315,0
0.26,14.9999,3.416777,14.99569,270,315,0
0.28,14.9999,3.613835,14.99563,270,315,0
0.3,14.9999,3.810892,14.99556,270,315,0
0.32,14.9999,4.00795,14.99549,270,315,0
0.34,14.99989,4.205007,14.99543,270,315,0
0.36,14.99989,4.402064,14.99536,270,315,0
0.38,14.99989,4.599122,14.9953,270,315,0
0.4,14.99989,4.796179,14.99523,270,315,0
0.42,14.99989,4.993236,14.99516,270,315,0
0.44,14.99988,5.190293,14.9951,270,315,0
0.46,14.99988,5.387351,14.99503,270,315,0
0.48,14.99988,5.584408,14.99497,270,315,0
0.5,14.99988,5.781465,14.9949,270,315,0
0.52,14.99988,5.978522,14.99484,270,315,0
0.54,14.99988,6.17558,14.99477,270,315,0
0.56,14.99987,6.372637,14.9947,270,315,0
0.58,14.99987,6.569694,14.99464,270,315,0
0.6,14.99987,6.766751,14.99457,270,315,0
0.62,14.99987,6.963809,14.99451,270,315,0
0.64,14.99987,7.160866,14.99444,270,315,0
0.66,14.99986,7.357923,14.99438,270,315,0
0.68,14.99986,7.55498,14.99432,270,315,0
0.7,14.99986,7.752038,14.99425,270,315,0
0.72,14.99986,7.949095,14.99419,270,315,0
0.74,14.99986,8.146152,14.99412,270,315,0
0.76,14.99985,8.34321,14.99406,270,315,0
0.78,14.99985,8.540268,14.99399,270,315,0
0.8,14.99985,8.737326,14.99393,270,315,0
0.82,14.99985,8.934383,14.99386,270,315,0
0.84,14.99985,9.131441,14.9938,270,315,0
0.86,14.99984,9.328499,14.99373,270,315,0
0.88,14.99984,9.525557,14.99367,270,315,0
0.9,14.99984,9.722614,14.99361,270,315,0
0.92,14.99984,9.919672,14.99354,270,315,0
0.94,14.99984,10.11673,14.99348,270,315,0
0.96,14.99984,10.31379,14.99341,270,315,0
0.98,14.99983,10.51085,14.99335,270,315,0
1,14.99983,10.7079,14.99329,270,315,0
1.02,14.99983,10.90496,14.99322,270,315,0
1.04,14.99983,11.10202,14.99316,270,315,0
1.06,14.99983,11.29908,14.99309,270,315,0
1.08,14.99982,11.49613,14.99303,270,315,0
1.1,14.99982,11.69319,14.99297,270,315,0
1.12,14.99982,11.89025,14.9929,270,315,0
1.14,14.99982,12.08731,14.99284,270,315,0
1.16,14.99982,12.28436,14.99278,270,315,0
1.18,14.99981,12.48142,14.99272,270,315,0
1.2,14.99981,12.67848,14.99265,270,315,0
1.22,14.99981,12.87554,14.99259,270,315,0
1.24,14.99981,13.0726,14.99253,270,315,0
1.26,14.99981,13.26965,14.99246,270,315,0
1.28,14.9998,13.46671,14.9924,270,315,0
1.3,14.9998,13.66377,14.99234,270,315,0
1.32,14.9998,13.86083,14.99228,270,315,0
1.34,14.9998,14.05788,14.99221,270,315,0
1.36,14.9998,14.25494,14.99215,270,315,0
1.38,14.99979,14.452,14.99209,270,315,0
1.4,14.99979,14.64906,14.99203,270,315,0
1.42,14.99979,14.84612,14.99196,270,315,0
1.44,14.99979,15.04317,14.9919,270,315,0
1.46,14.99979,15.24023,14.99184,270,315,0
1.48,14.99979,15.43729,14.99178,270,315,0
1.5,14.99978,15.63435,14.99172,270,315,0
1.52,14.99978,15.8314,14.99165,270,315,0
1.54,14.99978,16.02846,14.99159,270,315,0
1.56,14.99978,16.22552,14.99153,270,315,0
1.58,14.99978,16.42258,14.99147,270,315,0
1.6,14.99977,16.61963,14.99141,270,315,0
1.62,14.99977,16.81669,14.99135,270,315,0
1.64,14.99977,17.01375,14.99128,270,315,0
1.66,14.99977,17.21081,14.99122,270,315,0
1.68,14.99977,17.40787,14.99116,270,315,0
1.7,14.99976,17.60492,14.9911,270,315,0
1.72,14.99976,17.80198,14.99104,270,315,0
1.74,14.99976,17.99904,14.99098,270,315,0
1.76,14.99976,18.1961,14.99092,270,315,0
1.78,14.99976,18.39315,14.99086,270,315,0
1.8,14.99975,18.59021,14.9908,270,315,0
1.82,14.99975,18.78727,14.99074,270,315,0
1.84,14.99975,18.98433,14.99067,270,315,0
1.86,14.99975,19.18139,14.99061,270,315,0
1.88,14.99975,19.37844,14.99055,270,315,0
1.9,14.99975,19.5755,14.99049,270,315,0
1.92,14.99975,19.77256,14.99043,270,315,0
1.94,14.99975,19.96962,14.99037,270,315,0
1.96,14.99974,20.16667,14.99031,270,315,0
1.98,14.99974,20.36373,14.99025,270,315,0
2,14.99974,20.56079,14.99019,270,315,0
2.02,14.99974,20.75785,14.99013,270,315,0
2.04,14.99974,20.9549,14.99007,270,315,0
2.06,14.99974,21.15196,14.99001,270,315,0
2.08,14.99974,21.34902,14.98995,270,315,0
2.1,14.99974,21.54608,14.98989,270,315,0
2.12,14.99974,21.74314,14.98983,270,315,0
2.14,14.99974,21.94019,14.98977,270,315,0
2.16,14.99973,22.13725,14.98972,270,315,0
2.18,14.99973,22.33431,14.98966,270,315,0
2.2,14.99973,22.53137,14.9896,270,315,0
2.22,14.99973,22.72842,14.98954,270,315,0
2.24,14.99973,22.92548,14.98948,270,315,0
2.26,14.99973,23.12254,14.98942,270,315,0
2.28,14.99973,23.3196,14.98936,270,315,0
2.3,14.99973,23.51665,14.9893,270,315,0
2.32,14.99973,23.71371,14.98924,270,315,0
2.34,14.99973,23.91077,14.98918,270,315,0
2.36,14.99973,24.10783,14.98913,270,315,0
2.38,14.99972,24.30489,14.98907,270,315,0
2.4,14.99972,24.50194,14.98901,270,315,0
2.42,14.99972,24.699,14.98895,270,315,0
2.44,14.99972,24.89606,14.98889,270,315,0
2.46,14.99972,25.09312,14.98883,270,315,0
2.48,14.99972,25.29017,14.98878,270,315,0
2.5,14.99972,25.48723,14.98872,270,315,0
2.52,14.99972,25.68429,14.98866,270,315,0
2.54,14.99972,25.88135,14.9886,270,315,0
2.56,14.99972,26.07841,14.98854,270,315,0
2.58,14.99971,26.27546,14.98849,270,315,0
2.6,14.99971,26.47252,14.98843,270,315,0
2.62,14.99971,26.66958,14.98837,270,315,0
2.64,14.99971,26.86664,14.98831,270,315,0
2.66,14.99971,27.06369,14.98826,270,315,0
2.68,14.99971,27.26075,14.9882,270,315,0
2.7,14.99971,27.45781,14.98814,270,315,0
2.72,14.99971,27.65487,14.98808,270,315,0
2.74,14.99971,27.85192,14.98803,270,315,0
2.76,14.99971,28.04898,14.98797,270,315,0
2.78,14.99971,28.24604,14.98791,270,315,0
2.8,14.9997,28.4431,14.98786,270,315,0
2.82,14.9997,28.64016,14.9878,270,315,0
2.84,14.9997,28.83721,14.98774,270,315,0
2.86,14.9997,29.03427,14.98769,270,315,0
2.88,14.9997,29.23133,14.98763,270,315,0
2.9,14.9997,29.42839,14.98757,270,315,0
2.92,14.9997,29.62544,14.98752,270,315,0
2.94,14.9997,29.8225,14.98746,270,315,0
2.96,14.9997,30.01956,14.9874,270,315,0
2.98,14.9997,30.21662,14.98735,270,315,0
3,14.99969,30.41368,14.98729,270,315,0
3.02,14.99969,30.61073,14.98724,270,315,0
3.04,14.99969,30.80779,14.98718,270,315,0
3.06,14.99969,31.00485,14.98712,270,315,0
3.08,14.99969,31.20191,14.98707,270,315,0
3.1,14.99969,31.39896,14.98701,270,315,0
3.12,14.99969,31.59602,14.98696,270,315,0
3.14,14.99969,31.79308,14.9869,270,315,0
3.16,14.99969,31.99014,14.98685,270,315,0
3.18,14.99969,32.18719,14.98679,270,315,0
3.2,14.99969,32.38425,14.98674,270,315,0
3.22,14.99968,32.58131,14.98668,270,315,0
3.24,14.99968,32.77836,14.98663,270,315,0
3.26,14.99968,32.97542,14.98657,270,315,0
3.28,14.99968,33.17247,14.98652,270,315,0
3.3,14.99968,33.36953,14.98646,270,315,0
3.32,14.99968,33.56659,14.98641,270,315,0
3.34,14.99968,33.76364,14.98635,270,315,0
3.36,14.99968,33.9607,14.9863,270,315,0
3.38,14.99968,34.15775,14.98624,270,315,0
3.4,14.99968,34.35481,14.98619,270,315,0
3.42,14.99967,34.55186,14.98614,270,315,0
3.44,14.99967,34.74892,14.98608,270,315,0
3.46,14.99967,34.94598,14.98603,270,315,0
3.48,14.99967,35.14303,14.98597,270,315,0
3.5,14.99967,35.34009,14.98592,270,315,0
3.52,14.99967,35.53714,14.98586,270,315,0
3.54,14.99967,35.7342,14.98581,270,315,0
3.56,14.99967,35.93126,14.98576,270,315,0
3.58,14.99967,36.12831,14.9857,270,315,0
3.6,14.99967,36.32537,14.98565,270,315,0
3.62,14.99967,36.52242,14.9856,270,315,0
3.64,14.99966,36.71948,14.98554,270,315,0
3.66,14.99966,36.91653,14.98549,270,315,0
3.68,14.99966,37.11359,14.98544,270,315,0
3.7,14.99966,37.31065,14.98538,270,315,0
3.72,14.99966,37.5077,14.98533,270,315,0
3.74,14.99966,37.70476,14.98528,270,315,0
3.76,14.99966,37.90181,14.98523,270,315,0
3.78,14.99966,38.09887,14.98517,270,315,0
3.8,14.99966,38.29593,14.98512,270,315,0
3.82,14.99966,38.49298,14.98507,270,315,0
3.84,14.99965,38.69004,14.98502,270,315,0
3.86,14.99965,38.88709,14.98496,270,315,0
3.88,14.99965,39.08415,14.98491,270,315,0
3.9,14.99965,39.2812,14.98486,270,315,0
3.92,14.99965,39.47826,14.98481,270,315,0
3.94,14.99965,39.67532,14.98475,270,315,0
3.96,14.99965,39.87237,14.9847,270,315,0
3.98,14.99965,40.06943,14.98465,270,315,0
4,14.99965,40.26648,14.9846,270,315,0
4.02,14.99965,40.46354,14.98455,270,315,0
4.04,14.99965,40.66059,14.9845,270,315,0
4.06,14.99964,40.85765,14.98444,270,315,0
4.08,14.99964,41.05471,14.98439,270,315,0
4.1,14.99964,41.25176,14.98434,270,315,0
4.12,14.99964,41.44882,14.98429,270,315,0
4.14,14.99964,41.64587,14.98424,270,315,0
4.16,14.99964,41.84293,14.98419,270,315,0
4.18,14.99964,42.03999,14.98414,270,315,0
4.2,14.99964,42.23704,14.98409,270,315,0
4.22,14.99964,42.4341,14.98404,270,315,0
4.24,14.99964,42.63115,14.98398,270,315,0
4.26,14.99963,42.82821,14.98393,270,315,0
4.28,14.99963,43.02526,14.98388,270,315,0
4.3,14.99963,43.22232,14.98383,270,315,0
4.32,14.99963,43.41938,14.98378,270,315,0
4.34,14.99963,43.61643,14.98373,270,315,0
4.36,14.99963,43.81349,14.98368,270,315,0
4.38,14.99963,44.01054,14.98363,270,315,0
4.4,14.99963,44.2076,14.98358,270,315,0
4.42,14.99963,44.40466,14.98353,270,315,0
4.44,14.99963,44.60171,14.98348,270,315,0
4.46,14.99963,44.79877,14.98343,270,315,0
4.48,14.99962,44.99582,14.98338,270,315,0
4.5,14.99962,45.19288,14.98333,270,315,0
4.52,14.99962,45.38993,14.98328,270,315,0
4.54,14.99962,45.58699,14.98323,270,315,0
4.56,14.99962,45.78405,14.98318,270,315,0
4.58,14.99962,45.9811,14.98314,270,315,0
4.6,14.99962,46.17816,14.98309,270,315,0
4.62,14.99962,46.37521,14.98304,270,315,0
4.64,14.99962,46.57227,14.98299,270,315,0
4.66,14.99962,46.76933,14.98294,270,315,0
4.68,14.99961,46.96638,14.98289,270,315,0
4.7,14.99961,47.16344,14.98284,270,315,0
4.72,14.99961,47.36049,14.98279,270,315,0
4.74,14.99961,47.55755,14.98275,270,315,0
4.76,14.99961,47.7546,14.9827,270,315,0
4.78,14.99961,47.95166,14.98265,270,315,0
4.8,14.99961,48.14872,14.9826,270,315,0
4.82,14.99961,48.34577,14.98255,270,315,0
4.84,14.99961,48.54283,14.9825,270,315,0
4.86,14.99961,48.73988,14.98246,270,315,0
4.88,14.99961,48.93694,14.98241,270,315,0
4.9,14.9996,49.134,14.98236,270,315,0
4.92,14.9996,49.33105,14.98231,270,315,0
4.94,14.9996,49.52811,14.98227,270,315,0
4.96,14.9996,49.72516,14.98222,270,315,0
4.98,14.9996,49.92222,14.98217,270,315,0
5,14.9996,50.11927,14.98212,270,315,0
5.02,14.9996,50.31633,14.98208,270,315,0
5.04,14.9996,50.51339,14.98203,270,315,0
5.06,14.9996,50.71044,14.98198,270,315,0
5.08,14.9996,50.9075,14.98194,270,315,0
5.1,14.99959,51.10455,14.98189,270,315,0
5.12,14.99959,51.30161,14.98184,270,315,0
5.14,14.99959,51.49866,14.9818,270,315,0
5.16,14.99959,51.69572,14.98175,270,315,0
5.18,14.99959,51.89278,14.9817,270,315,0
5.2,14.99959,52.08983,14.98166,270,315,0
5.22,14.99959,52.28689,14.98161,270,315,0
5.24,14.99959,52.48394,14.98156,270,315,0
5.26,14.99959,52.681,14.98152,270,315,0
5.28,14.99959,52.87806,14.98147,270,315,0
5.3,14.99959,53.07511,14.98143,270,315,0
5.32,14.99958,53.27217,14.98138,270,315,0
5.34,14.99958,53.46922,14.98133,270,315,0
5.36,14.99958,53.66628,14.98129,270,315,0
5.38,14.99958,53.86333,14.98124,270,315,0
5.4,14.99958,54.06039,14.9812,270,315,0
5.42,14.99958,54.25745,14.98115,270,315,0
5.44,14.99958,54.4545,14.98111,270,315,0
5.46,14.99958,54.65156,14.98106,270,315,0
5.48,14.99958,54.84861,14.98102,270,315,0
5.5,14.99958,55.04567,14.98097,270,315,0
5.52,14.99957,55.24273,14.98093,270,315,0
5.54,14.99957,55.43978,14.98088,270,315,0
5.56,14.99957,55.63684,14.98084,270,315,0
5.58,14.99957,55.83389,14.98079,270,315,0
5.6,14.99957,56.03095,14.98075,270,315,0
5.62,14.99957,56.228,14.9807,270,315,0
5.64,14.99957,56.42506,14.98066,270,315,0
5.66,14.99957,56.62212,14.98062,270,315,0
5.68,14.99957,56.81917,14.98057,270,315,0
5.7,14.99957,57.01623,14.98053,270,315,0
5.72,14.99957,57.21328,14.98048,270,315,0
5.74,14.99956,57.41034,14.98044,270,315,0
5.76,14.99956,57.6074,14.9804,270,315,0
5.78,14.99956,57.80445,14.98035,270,315,0
5.8,14.99956,58.00151,14.98031,270,315,0
5.82,14.99956,58.19856,14.98027,270,315,0
5.84,14.99956,58.39562,14.98022,270,315,0
5.86,14.99956,58.59267,14.98018,270,315,0
5.88,14.99956,58.78973,14.98014,270,315,0
5.9,14.99956,58.98679,14.98009,270,315,0
5.92,14.99956,59.18384,14.98005,270,315,0
5.94,14.99955,59.3809,14.98001,270,315,0
5.96,14.99955,59.57795,14.97997,270,315,0
5.98,14.99955,59.77501,14.97992,270,315,0
6,14.99955,59.97206,14.97988,270,315,0
6.02,14.99955,60.16912,14.97984,270,315,0
6.04,14.99955,60.36618,14.9798,270,315,0
6.06,14.99955,60.56323,14.97975,270,315,0
6.08,14.99955,60.76029,14.97971,270,315,0
6.1,14.99955,60.95734,14.97967,270,315,0
6.12,14.99955,61.1544,14.97963,270,315,0
6.14,14.99955,61.35146,14.97959,270,315,0
6.16,14.99954,61.54851,14.97954,270,315,0
6.18,14.99954,61.74557,14.9795,270,315,0
6.2,14.99954,61.94262,14.97946,270,315,0
6.22,14.99954,62.13968,14.97942,270,315,0
6.24,14.99954,62.33673,14.97938,270,315,0
6.26,14.99954,62.53379,14.97934,270,315,0
6.28,14.99954,62.73085,14.9793,270,315,0
6.3,14.99954,62.9279,14.97926,270,315,0
6.32,14.99954,63.12496,14.97922,270,315,0
6.34,14.99954,63.32201,14.97917,270,315,0
6.36,14.99953,63.51907,14.97913,270,315,0
6.38,14.99953,63.71613,14.97909,270,315,0
6.4,14.99953,63.91318,14.97905,270,315,0
6.42,14.99953,64.11024,14.97901,270,315,0
6.44,14.99953,64.3073,14.97897,270,315,0
6.46,14.99953,64.50436,14.97893,270,315,0
6.48,14.99953,64.70142,14.97889,270,315,0
6.5,14.99953,64.89848,14.97885,270,315,0
6.52,14.99953,65.09554,14.97881,270,315,0
6.54,14.99953,65.29259,14.97877,270,315,0
6.56,14.99953,65.48965,14.97873,270,315,0
6.58,14.99952,65.68671,14.97869,270,315,0
6.6,14.99952,65.88377,14.97865,270,315,0
6.62,14.99952,66.08083,14.97861,270,315,0
6.64,14.99952,66.27789,14.97858,270,315,0
6.66,14.99952,66.47495,14.97854,270,315,0
6.68,14.99952,66.67201,14.9785,270,315,0
6.7,14.99952,66.86907,14.97846,270,315,0
6.72,14.99952,67.06613,14.97842,270,315,0
6.74,14.99952,67.26319,14.97838,270,315,0
6.76,14.99952,67.46025,14.97834,270,315,0
6.78,14.99951,67.65731,14.9783,270,315,0
6.8,14.99951,67.85437,14.97827,270,315,0
6.82,14.99951,68.05143,14.97823,270,315,0
6.84,14.99951,68.24849,14.97819,270,315,0
6.86,14.99951,68.44555,14.97815,270,315,0
6.88,14.99951,68.64261,14.97811,270,315,0
6.9,14.99951,68.83967,14.97808,270,315,0
6.92,14.99951,69.03673,14.97804,270,315,0
6.94,14.99951,69.23379,14.978,270,315,0
6.96,14.99951,69.43085,14.97796,270,315,0
6.98,14.99951,69.62791,14.97793,270,315,0
7,14.9995,69.82497,14.97789,270,315,0
7.02,14.9995,70.02203,14.97785,270,315,0
7.04,14.9995,70.21909,14.97781,270,315,0
7.06,14.9995,70.41615,14.97778,270,315,0
7.08,14.9995,70.6132,14.97774,270,315,0
7.1,14.9995,70.81026,14.9777,270,315,0
7.12,14.9995,71.00732,14.97767,270,315,0
7.14,14.9995,71.20438,14.97763,270,315,0
7.16,14.9995,71.40144,14.97759,270,315,0
7.18,14.9995,71.5985,14.97756,270,315,0
7.2,14.99949,71.79556,14.97752,270,315,0
7.22,14.99949,71.99262,14.97748,270,315,0
7.24,14.99949,72.18968,14.97745,270,315,0
7.26,14.99949,72.38674,14.97741,270,315,0
7.28,14.99949,72.5838,14.97738,270,315,0
7.3,14.99949,72.78086,14.97734,270,315,0
7.32,14.99949,72.97792,14.97731,270,315,0
7.34,14.99949,73.17498,14.97727,270,315,0
7.36,14.99949,73.37204,14.97723,270,315,0
7.38,14.99949,73.5691,14.9772,270,315,0
7.4,14.99949,73.76616,14.97716,270,315,0
7.42,14.99948,73.96322,14.97713,270,315,0
7.44,14.99948,74.16028,14.97709,270,315,0
7.46,14.99948,74.35734,14.97706,270,315,0
7.48,14.99948,74.5544,14.97702,270,315,0
7.5,14.99948,74.75146,14.97699,270,315,0
7.52,14.99948,74.94852,14.97696,270,315,0
7.54,14.99948,75.14558,14.97692,270,315,0
7.56,14.99948,75.34264,14.97689,270,315,0
7.58,14.99948,75.5397,14.97685,270,315,0
7.6,14.99948,75.73676,14.97682,270,315,0
7.62,14.99947,75.93382,14.97678,270,315,0
7.64,14.99947,76.13087,14.97675,270,315,0
7.66,14.99947,76.32793,14.97672,270,315,0
7.68,14.99947,76.52499,14.97668,270,315,0
7.7,14.99947,76.72205,14.97665,270,315,0
7.72,14.99947,76.91911,14.97662,270,315,0
7.74,14.99947,77.11617,14.97658,270,315,0
7.76,14.99947,77.31323,14.97655,270,315,0
7.78,14.99947,77.51029,14.97652,270,315,0
7.8,14.99947,77.70735,14.97648,270,315,0
7.82,14.99946,77.90441,14.97645,270,315,0
7.84,14.99946,78.10147,14.97642,270,315,0
7.86,14.99946,78.29853,14.97639,270,315,0
7.88,14.99946,78.49559,14.97635,270,315,0
7.9,14.99946,78.69265,14.97632,270,315,0
7.92,14.99946,78.88971,14.97629,270,315,0
7.94,14.99946,79.08677,14.97626,270,315,0
7.96,14.99946,79.28383,14.97622,270,315,0
7.98,14.99946,79.48089,14.97619,270,315,0
8,14.99946,79.67795,14.97616,270,315,0
8.02,14.99946,79.87501,14.97613,270,315,0
8.04,14.99945,80.07207,14.9761,270,315,0
8.059999,14.99945,80.26913,14.97607,270,315,0
8.08,14.99945,80.46619,14.97604,270,315,0
8.099999,14.99945,80.66325,14.976,270,315,0
8.12,14.99945,80.86031,14.97597,270,315,0
8.139999,14.99945,81.05737,14.97594,270,315,0
8.16,14.99945,81.25443,14.97591,270,315,0
8.179999,14.99945,81.45148,14.97588,270,315,0
8.2,14.99945,81.64854,14.97585,270,315,0
8.22,14.99945,81.8456,14.97582,270,315,0
8.24,14.99944,82.04266,14.97579,270,315,0
8.26,14.99944,82.23972,14.97576,270,315,0
8.28,14.99944,82.43678,14.97573,270,315,0
8.3,14.99944,82.63384,14.9757,270,315,0
8.32,14.99944,82.8309,14.97567,270,315,0
8.34,14.99944,83.02796,14.97564,270,315,0
8.36,14.99944,83.22502,14.97561,270,315,0
8.38,14.99944,83.42208,14.97558,270,315,0
8.4,14.99944,83.61914,14.97555,270,315,0
8.42,14.99944,83.8162,14.97552,270,315,0
8.44,14.99944,84.01326,14.97549,270,315,0
8.46,14.99943,84.21032,14.97546,270,315,0
8.48,14.99943,84.40738,14.97543,270,315,0
8.5,14.99943,84.60444,14.97541,270,315,0
8.52,14.99943,84.8015,14.97538,270,315,0
8.54,14.99943,84.99856,14.97535,270,315,0
8.559999,14.99943,85.19562,14.97532,270,315,0
8.58,14.99943,85.39268,14.97529,270,315,0
8.599999,14.99943,85.58974,14.97526,270,315,0
8.62,14.99943,85.7868,14.97523,270,315,0
8.639999,14.99943,85.98386,14.97521,270,315,0
8.66,14.99942,86.18092,14.97518,270,315,0
8.679999,14.99942,86.37798,14.97515,270,315,0
8.7,14.99942,86.57504,14.97512,270,315,0
8.72,14.99942,86.77209,14.9751,270,315,0
8.74,14.99942,86.96915,14.97507,270,315,0
8.76,14.99942,87.16621,14.97504,270,315,0
8.78,14.99942,87.36327,14.97501,270,315,0
8.8,14.99942,87.56033,14.97499,270,315,0
8.82,14.99942,87.75739,14.97496,270,315,0
8.84,14.99942,87.95445,14.97493,270,315,0
8.86,14.99942,88.15151,14.97491,270,315,0
8.88,14.99941,88.34857,14.97488,270,315,0
8.9,14.99941,88.54563,14.97485,270,315,0
8.92,14.99941,88.74269,14.97483,270,315,0
8.94,14.99941,88.93975,14.9748,270,315,0
8.96,14.99941,89.13681,14.97478,270,315,0
8.98,14.99941,89.33387,14.97475,270,315,0
9,14.99941,89.53093,14.97473,270,315,0
9.02,14.99941,89.72799,14.9747,270,315,0
9.04,14.99941,89.92505,14.97467,270,315,0
9.059999,14.99941,90.12211,14.97465,270,315,0
9.08,14.9994,90.31917,14.97462,270,315,0
9.099999,14.9994,90.51623,14.9746,270,315,0
9.12,14.9994,90.71329,14.97457,270,315,0
9.139999,14.9994,90.91035,14.97455,270,315,0
9.16,14.9994,91.10741,14.97452,270,315,0
9.179999,14.9994,91.30447,14.9745,270,315,0
9.2,14.9994,91.50153,14.97447,270,315,0
9.22,14.9994,91.69859,14.97445,270,315,0
9.24,14.9994,91.89565,14.97443,270,315,0
9.26,14.9994,92.0927,14.9744,270,315,0
9.28,14.9994,92.28976,14.97438,270,315,0
9.3,14.99939,92.48682,14.97435,270,315,0
9.32,14.99939,92.68388,14.97433,270,315,0
9.34,14.99939,92.88094,14.97431,270,315,0
9.36,14.99939,93.078,14.97428,270,315,0
9.38,14.99939,93.27506,14.97426,270,315,0
9.4,14.99939,93.47212,14.97424,270,315,0
9.42,14.99939,93.66918,14.97421,270,315,0
9.44,14.99939,93.86624,14.97419,270,315,0
9.46,14.99939,94.0633,14.97417,270,315,0
9.48,14.99939,94.26036,14.97415,270,315,0
9.5,14.99938,94.45742,14.97412,270,315,0
9.52,14.99938,94.65448,14.9741,270,315,0
9.54,14.99938,94.85154,14.97408,270,315,0
9.559999,14.99938,95.0486,14.97406,270,315,0
9.58,14.99938,95.24566,14.97404,270,315,0
9.599999,14.99938,95.44272,14.97401,270,315,0
9.62,14.99938,95.63978,14.97399,270,315,0
9.639999,14.99938,95.83684,14.97397,270,315,0
9.66,14.99938,96.0339,14.97395,270,315,0
9.679999,14.99938,96.23096,14.97393,270,315,0
9.7,14.99938,96.42802,14.97391,270,315,0
9.719999,14.99937,96.62508,14.97389,270,315,0
9.74,14.99937,96.82214,14.97386,270,315,0
9.76,14.99937,97.0192,14.97384,270,315,0
9.78,14.99937,97.21626,14.97382,270,315,0
9.8,14.99937,97.41331,14.9738,270,315,0
9.82,14.99937,97.61037,14.97378,270,315,0
9.84,14.99937,97.80743,14.97376,270,315,0
9.86,14.99937,98.00449,14.97374,270,315,0
9.88,14.99937,98.20155,14.97372,270,315,0
9.9,14.99937,98.39861,14.9737,270,315,0
9.92,14.99936,98.59567,14.97368,270,315,0
9.94,14.99936,98.79273,14.97366,270,315,0
9.96,14.99936,98.98979,14.97364,270,315,0
9.98,14.99936,99.18685,14.97363,270,315,0
10,14.99936,99.38391,14.97361,270,315,0
10.02,14.99936,99.58097,14.97359,270,315,0
10.04,14.99936,99.77803,14.97357,270,315,0
10.06,14.99936,99.97509,14.97355,270,315,0
10.08,14.99936,100.1721,14.97353,270,315,0
10.1,14.99936,100.3783,14.97352,270,315,0
10.12,14.99936,100.5934,14.97351,270,315,0
10.14,14.99936,100.8171,14.9735,270,315,0
10.16,14.99936,101.0493,14.97349,270,315,0
10.18,14.99936,101.2898,14.97349,270,315,0
10.2,14.99936,101.5385,14.9735,270,315,0
10.22,14.99936,101.7949,14.9735,270,315,0
10.24,14.99936,102.0591,14.97351,270,315,0
10.26,14.99936,102.3309,14.97353,270,315,0
10.28,14.99936,102.6099,14.97354,270,315,0
10.3,14.99936,102.8961,14.97356,270,315,0
10.32,14.99936,103.1892,14.97359,270,315,0
10.34,14.99936,103.4892,14.97361,270,315,0
10.36,14.99937,103.7957,14.97364,270,315,0
10.38,14.99937,104.1087,14.97367,270,315,0
10.4,14.99937,104.428,14.97371,270,315,0
10.42,14.99937,104.7533,14.97374,270,315,0
10.44,14.99937,105.0846,14.97378,270,315,0
10.46,14.99937,105.4217,14.97383,270,315,0
10.48,14.99937,105.7644,14.97387,270,315,0
10.5,14.99937,106.1125,14.97392,270,315,0
10.52,14.99937,106.466,14.97397,270,315,0
10.54,14.99937,106.8246,14.97402,270,315,0
10.56,14.99938,107.1882,14.97407,270,315,0
10.58,14.99938,107.5567,14.97413,270,315,0
10.6,14.99938,107.9298,14.97419,270,315,0
10.62,14.99938,108.3076,14.97425,270,315,0
10.64,14.99938,108.6898,14.97432,270,315,0
10.66,14.99938,109.0762,14.97438,270,315,0
10.68,14.99938,109.4668,14.97445,270,315,0
10.7,14.99939,109.8615,14.97452,270,315,0
10.72,14.99939,110.26,14.97459,270,315,0
10.74,14.99939,110.6622,14.97466,270,315,0
10.76,14.99939,111.0681,14.97474,270,315,0
10.78,14.99939,111.4775,14.97482,270,315,0
10.8,14.9994,111.8903,14.9749,270,315,0
10.82,14.9994,112.3063,14.97498,270,315,0
10.84,14.9994,112.7255,14.97506,270,315,0
10.86,14.9994,113.1477,14.97514,270,315,0
10.88,14.9994,113.5728,14.97523,270,315,0
10.9,14.99941,114.0007,14.97531,270,315,0
10.92,14.99941,114.4313,14.9754,270,315,0
10.94,14.99941,114.8644,14.97549,270,315,0
10.96,14.99941,115.3,14.97558,270,315,0
10.98,14.99941,115.738,14.97568,270,315,0
11,14.99942,116.1782,14.97577,270,315,0
11.02,14.99942,116.6205,14.97587,270,315,0
11.04,14.99942,117.0649,14.97596,270,315,0
11.06,14.99942,117.5113,14.97606,270,315,0
11.08,14.99942,117.9595,14.97616,270,315,0
11.1,14.99943,118.4094,14.97626,270,315,0
11.12,14.99943,118.8611,14.97636,270,315,0
11.14,14.99943,119.3142,14.97646,270,315,0
11.16,14.99943,119.7689,14.97657,270,315,0
11.18,14.99944,120.225,14.97667,270,315,0
11.2,14.99944,120.6823,14.97677,270,315,0
11.22,14.99944,121.1409,14.97688,270,315,0
11.24,14.99945,121.6006,14.97699,270,315,0
11.26,14.99945,122.0614,14.97709,270,315,0
11.28,14.99945,122.5231,14.9772,270,315,0
11.3,14.99945,122.9857,14.97731,270,315,0
11.32,14.99946,123.4492,14.97742,270,315,0
11.34,14.99946,123.9133,14.97753,270,315,0
11.36,14.99946,124.3782,14.97765,270,315,0
11.38,14.99947,124.8436,14.97776,270,315,0
11.4,14.99947,125.3095,14.97787,270,315,0
11.42,14.99947,125.7758,14.97799,270,315,0
11.44,14.99947,126.2426,14.9781,270,315,0
11.46,14.99948,126.7096,14.97821,270,315,0
11.48,14.99948,127.1769,14.97833,270,315,0
11.5,14.99948,127.6443,14.97845,270,315,0
11.52,14.99949,128.1119,14.97856,270,315,0
11.54,14.99949,128.5795,14.97868,270,315,0
11.56,14.99949,129.047,14.9788,270,315,0
11.58,14.99949,129.5145,14.97892,270,315,0
11.6,14.9995,129.9819,14.97903,270,315,0
11.62,14.9995,130.449,14.97915,270,315,0
11.64,14.9995,130.9159,14.97927,270,315,0
11.66,14.99951,131.3825,14.97939,270,315,0
11.68,14.99951,131.8487,14.97951,270,315,0
11.7,14.99951,132.3145,14.97963,270,315,0
11.72,14.99951,132.7799,14.97975,270,315,0
11.74,14.99952,133.2447,14.97987,270,315,0
11.76,14.99952,133.7089,14.97999,270,315,0
11.78,14.99952,134.1725,14.98011,270,315,0
11.8,14.99953,134.6355,14.98023,270,315,0
11.82,14.99953,135.0977,14.98035,270,315,0
11.84,14.99953,135.5591,14.98047,270,315,0
11.86,14.99953,136.0198,14.9806,270,315,0
11.88,14.99954,136.4796,14.98072,270,315,0
11.9,14.99954,136.9385,14.98084,270,315,0
11.92,14.99954,137.3964,14.98096,270,315,0
11.94,14.99955,137.8534,14.98108,270,315,0
11.96,14.99955,138.3094,14.9812,270,315,0
11.98,14.99955,138.7643,14.98133,270,315,0
12,14.99955,139.2181,14.98145,270,315,0
12.02,14.99956,139.6708,14.98157,270,315,0
12.04,14.99956,140.1223,14.98169,270,315,0
12.06,14.99956,140.5726,14.98182,270,315,0
12.08,14.99957,141.0217,14.98194,270,315,0
12.1,14.99957,141.4694,14.98206,270,315,0
12.12,14.99957,141.9159,14.98218,270,315,0
12.14,14.99957,142.361,14.9823,270,315,0
12.16,14.99958,142.8048,14.98242,270,315,0
12.18,14.99958,143.2472,14.98254,270,315,0
12.2,14.99958,143.6881,14.98266,270,315,0
12.22,14.99959,144.1276,14.98279,270,315,0
12.24,14.99959,144.5656,14.98291,270,315,0
12.26,14.99959,145.002,14.98303,270,315,0
12.28,14.99959,145.437,14.98315,270,315,0
12.3,14.9996,145.8703,14.98327,270,315,0
12.32,14.9996,146.3021,14.98339,270,315,0
12.34,14.9996,146.7322,14.98351,270,315,0
12.36,14.99961,147.1607,14.98363,270,315,0
12.38,14.99961,147.5875,14.98374,270,315,0
12.4,14.99961,148.0127,14.98386,270,315,0
12.42,14.99961,148.4361,14.98398,270,315,0
12.44,14.99962,148.8578,14.9841,270,315,0
12.46,14.99962,149.2778,14.98422,270,315,0
12.48,14.99962,149.696,14.98434,270,315,0
12.5,14.99963,150.1124,14.98445,270,315,0
12.52,14.99963,150.5269,14.98457,270,315,0
12.54,14.99963,150.9397,14.98469,270,315,0
12.56,14.99963,151.3506,14.9848,270,315,0
12.58,14.99964,151.7596,14.98492,270,315,0
12.6,14.99964,152.1668,14.98503,270,315,0
12.62,14.99964,152.5721,14.98515,270,315,0
12.64,14.99965,152.9754,14.98527,270,315,0
12.66,14.99965,153.3769,14.98538,270,315,0
12.68,14.99965,153.7764,14.98549,270,315,0
12.7,14.99965,154.1739,14.98561,270,315,0
12.72,14.99966,154.5695,14.98572,270,315,0
12.74,14.99966,154.9632,14.98584,270,315,0
12.76,14.99966,155.3548,14.98595,270,315,0
12.78,14.99967,155.7444,14.98606,270,315,0
12.8,14.99967,156.132,14.98617,270,315,0
12.82,14.99967,156.5176,14.98628,270,315,0
12.84,14.99967,156.9012,14.98639,270,315,0
12.86,14.99968,157.2827,14.9865,270,315,0
12.88,14.99968,157.6622,14.98661,270,315,0
12.9,14.99968,158.0397,14.98672,270,315,0
12.92,14.99969,158.415,14.98683,270,315,0
12.94,14.99969,158.7883,14.98694,270,315,0
12.96,14.99969,159.1595,14.98705,270,315,0
12.98,14.99969,159.5286,14.98716,270,315,0
13,14.9997,159.8957,14.98727,270,315,0
13.02,14.9997,160.2606,14.98737,270,315,0
13.04,14.9997,160.6234,14.98748,270,315,0
13.06,14.99971,160.9841,14.98759,270,315,0
13.08,14.99971,161.3427,14.98769,270,315,0
13.1,14.99971,161.6992,14.98779,270,315,0
13.12,14.99971,162.0535,14.9879,270,315,0
13.14,14.99972,162.4057,14.988,270,315,0
13.16,14.99972,162.7558,14.98811,270,315,0
13.18,14.99972,163.1038,14.98821,270,315,0
13.2,14.99973,163.4496,14.98831,270,315,0
13.22,14.99973,163.7933,14.98841,270,315,0
13.24,14.99973,164.1348,14.98851,270,315,0
13.26,14.99973,164.4742,14.98862,270,315,0
13.28,14.99974,164.8114,14.98872,270,315,0
13.3,14.99974,165.1465,14.98882,270,315,0
13.32,14.99974,165.4795,14.98891,270,315,0
13.34,14.99974,165.8103,14.98901,270,315,0
13.36,14.99975,166.1389,14.98911,270,315,0
13.38,14.99975,166.4654,14.98921,270,315,0
13.4,14.99975,166.7898,14.98931,270,315,0
13.42,14.99975,167.112,14.9894,270,315,0
13.44,14.99975,167.432,14.9895,270,315,0
13.46,14.99975,167.7499,14.98959,270,315,0
13.48,14.99976,168.0657,14.98969,270,315,0
13.5,14.99976,168.3793,14.98978,270,315,0
13.52,14.99976,168.6908,14.98988,270,315,0
13.54,14.99976,169.0002,14.98997,270,315,0
13.56,14.99976,169.3074,14.99006,270,315,0
13.58,14.99977,169.6124,14.99015,270,315,0
13.6,14.99977,169.9154,14.99025,270,315,0
13.62,14.99977,170.2162,14.99034,270,315,0
13.64,14.99977,170.5149,14.99043,270,315,0
13.66,14.99977,170.8114,14.99052,270,315,0
13.68,14.99978,171.1059,14.99061,270,315,0
13.7,14.99978,171.3982,14.99069,270,315,0
13.72,14.99978,171.6885,14.99078,270,315,0
13.74,14.99978,171.9766,14.99087,270,315,0
13.76,14.99978,172.2626,14.99096,270,315,0
13.78,14.99979,172.5466,14.99104,270,315,0
13.8,14.99979,172.8284,14.99113,270,315,0
13.82,14.99979,173.1082,14.99122,270,315,0
13.84,14.99979,173.3858,14.9913,270,315,0
13.86,14.99979,173.6614,14.99138,270,315,0
13.88,14.99979,173.935,14.99147,270,315,0
13.9,14.9998,174.2064,14.99155,270,315,0
13.92,14.9998,174.4758,14.99163,270,315,0
13.94,14.9998,174.7431,14.99172,270,315,0
13.96,14.9998,175.0085,14.9918,270,315,0
13.98,14.9998,175.2717,14.99188,270,315,0
14,14.99981,175.5329,14.99196,270,315,0
14.02,14.99981,175.7921,14.99204,270,315,0
14.04,14.99981,176.0493,14.99212,270,315,0
14.06,14.99981,176.3045,14.9922,270,315,0
14.08,14.99981,176.5576,14.99227,270,315,0
14.1,14.99982,176.8088,14.99235,270,315,0
14.12,14.99982,177.058,14.99243,270,315,0
14.14,14.99982,177.3051,14.99251,270,315,0
14.16,14.99982,177.5503,14.99258,270,315,0
14.18,14.99982,177.7935,14.99266,270,315,0
14.2,14.99983,178.0348,14.99273,270,315,0
14.22,14.99983,178.2741,14.99281,270,315,0
14.24,14.99983,178.5115,14.99288,270,315,0
14.26,14.99983,178.7469,14.99295,270,315,0
14.28,14.99983,178.9804,14.99302,270,315,0
14.3,14.99984,179.212,14.9931,270,315,0
14.32,14.99984,179.4417,14.99317,270,315,0
14.34,14.99984,179.6694,14.99324,270,315,0
14.36,14.99984,179.8952,14.99331,270,315,0
14.38,14.99984,180.1192,14.99338,270,315,0
14.4,14.99984,180.3413,14.99345,270,315,0
14.42,14.99985,180.5615,14.99352,270,315,0
14.44,14.99985,180.7798,14.99359,270,315,0
14.46,14.99985,180.9963,14.99365,270,315,0
14.48,14.99985,181.211,14.99372,270,315,0
14.5,14.99985,181.4238,14.99379,270,315,0
14.52,14.99986,181.6347,14.99385,270,315,0
14.54,14.99986,181.8439,14.99392,270,315,0
14.56,14.99986,182.0512,14.99399,270,315,0
14.58,14.99986,182.2567,14.99405,270,315,0
14.6,14.99986,182.4605,14.99411,270,315,0
14.62,14.99987,182.6625,14.99418,270,315,0
14.64,14.99987,182.8627,14.99424,270,315,0
14.66,14.99987,183.0611,14.9943,270,315,0
14.68,14.99987,183.2578,14.99437,270,315,0
14.7,14.99987,183.4527,14.99443,270,315,0
14.72,14.99988,183.6459,14.99449,270,315,0
14.74,14.99988,183.8373,14.99455,270,315,0
14.76,14.99988,184.0271,14.99461,270,315,0
14.78,14.99988,184.2151,14.99467,270,315,0
14.8,14.99988,184.4015,14.99473,270,315,0
14.82,14.99988,184.5861,14.99479,270,315,0
14.84,14.99988,184.7691,14.99485,270,315,0
14.86,14.99988,184.9504,14.9949,270,315,0
14.88,14.99988,185.13,14.99496,270,315,0
14.9,14.99988,185.308,14.99502,270,315,0
14.92,14.99989,185.4844,14.99507,270,315,0
14.94,14.99989,185.6591,14.99513,270,315,0
14.96,14.99989,185.8322,14.99518,270,315,0
14.98,14.99989,186.0037,14.99524,270,315,0
15,14.99989,186.1736,14.99529,270,315,0
15.02,14.99989,186.3419,14.99535,270,315,0
15.04,14.99989,186.5086,14.9954,270,315,0
15.06,14.99989,186.6738,14.99545,270,315,0
15.08,14.99989,186.8373,14.9955,270,315,0
15.1,14.99989,186.9994,14.99555,270,315,0
15.12,14.9999,187.1599,14.99561,270,315,0
15.14,14.9999,187.3188,14.99566,270,315,0
15.16,14.9999,187.4763,14.99571,270,315,0
15.18,14.9999,187.6322,14.99576,270,315,0
15.2,14.9999,187.7866,14.99581,270,315,0
15.22,14.9999,187.9395,14.99586,270,315,0
15.24,14.9999,188.091,14.99591,270,315,0
15.26,14.9999,188.241,14.99596,270,315,0
15.28,14.9999,188.3895,14.996,270,315,0
15.3,14.9999,188.5365,14.99605,270,315,0
15.32,14.9999,188.6822,14.9961,270,315,0
15.34,14.99991,188.8263,14.99614,270,315,0
15.36,14.99991,188.9691,14.99619,270,315,0
15.38,14.99991,189.1104,14.99624,270,315,0
15.4,14.99991,189.2504,14.99628,270,315,0
15.42,14.99991,189.3889,14.99633,270,315,0
15.44,14.99991,189.5261,14.99637,270,315,0
15.46,14.99991,189.6619,14.99642,270,315,0
15.48,14.99991,189.7963,14.99646,270,315,0
15.5,14.99991,189.9294,14.9965,270,315,0
15.52,14.99991,190.0611,14.99654,270,315,0
15.54,14.99992,190.1915,14.99659,270,315,0
15.56,14.99992,190.3205,14.99663,270,315,0
15.58,14.99992,190.4483,14.99667,270,315,0
15.6,14.99992,190.5747,14.99671,270,315,0
15.62,14.99992,190.6999,14.99675,270,315,0
15.64,14.99992,190.8237,14.99679,270,315,0
15.66,14.99992,190.9463,14.99683,270,315,0
15.68,14.99992,191.0676,14.99687,270,315,0
15.7,14.99992,191.1876,14.99691,270,315,0
15.72,14.99992,191.3064,14.99695,270,315,0
15.74,14.99992,191.424,14.99699,270,315,0
15.76,14.99993,191.5403,14.99703,270,315,0
15.78,14.99993,191.6554,14.99707,270,315,0
15.8,14.99993,191.7693,14.9971,270,315,0
15.82,14.99993,191.882,14.99714,270,315,0
15.84,14.99993,191.9935,14.99718,270,315,0
15.86,14.99993,192.1038,14.99721,270,315,0
15.88,14.99993,192.213,14.99725,270,315,0
15.9,14.99993,192.3209,14.99728,270,315,0
15.92,14.99993,192.4277,14.99732,270,315,0
15.94,14.99993,192.5334,14.99736,270,315,0
15.96,14.99994,192.638,14.99739,270,315,0
15.98,14.99994,192.7414,14.99742,270,315,0
16,14.99994,192.8436,14.99746,270,315,0
16.02,14.99994,192.9448,14.99749,270,315,0
16.04,14.99994,193.0449,14.99752,270,315,0
16.06,14.99994,193.1439,14.99756,270,315,0
16.08,14.99994,193.2418,14.99759,270,315,0
16.1,14.99994,193.3386,14.99762,270,315,0
16.12,14.99994,193.4343,14.99765,270,315,0
16.14,14.99994,193.529,14.99768,270,315,0
16.16,14.99994,193.6227,14.99772,270,315,0
16.18,14.99995,193.7153,14.99775,270,315,0
16.2,14.99995,193.8069,14.99778,270,315,0
16.22,14.99995,193.8974,14.99781,270,315,0
16.24,14.99995,193.987,14.99784,270,315,0
16.26,14.99995,194.0755,14.99787,270,315,0
16.28,14.99995,194.163,14.9979,270,315,0
16.3,14.99995,194.2496,14.99792,270,315,0
16.32,14.99995,194.3352,14.99795,270,315,0
16.34,14.99995,194.4198,14.99798,270,315,0
16.36,14.99995,194.5034,14.99801,270,315,0
16.38,14.99996,194.5861,14.99804,270,315,0
16.4,14.99996,194.6678,14.99806,270,315,0
16.42,14.99996,194.7486,14.99809,270,315,0
16.44,14.99996,194.8285,14.99812,270,315,0
16.46,14.99996,194.9074,14.99815,270,315,0
16.48,14.99996,194.9855,14.99817,270,315,0
16.5,14.99996,195.0626,14.9982,270,315,0
16.52,14.99996,195.1388,14.99822,270,315,0
16.54,14.99996,195.2142,14.99825,270,315,0
16.56,14.99996,195.2887,14.99827,270,315,0
16.58,14.99996,195.3622,14.9983,270,315,0
16.6,14.99997,195.435,14.99832,270,315,0
16.62,14.99997,195.5068,14.99835,270,315,0
16.64,14.99997,195.5779,14.99837,270,315,0
16.66,14.99997,195.648,14.99839,270,315,0
16.68,14.99997,195.7174,14.99842,270,315,0
16.7,14.99997,195.7859,14.99844,270,315,0
16.72,14.99997,195.8536,14.99846,270,315,0
16.74,14.99997,195.9204,14.99849,270,315,0
16.76,14.99997,195.9865,14.99851,270,315,0
16.78,14.99997,196.0518,14.99853,270,315,0
16.8,14.99998,196.1163,14.99855,270,315,0
16.82,14.99998,196.18,14.99858,270,315,0
16.84,14.99998,196.2429,14.9986,270,315,0
16.86,14.99998,196.3051,14.99862,270,315,0
16.88,14.99998,196.3665,14.99864,270,315,0
16.9,14.99998,196.4271,14.99866,270,315,0
16.92,14.99998,196.487,14.99868,270,315,0
16.94,14.99998,196.5462,14.9987,270,315,0
16.96,14.99998,196.6046,14.99872,270,315,0
16.98,14.99998,196.6623,14.99874,270,315,0
17,14.99998,196.7193,14.99876,270,315,0
17.02,14.99998,196.7756,14.99878,270,315,0
17.04,14.99998,196.8312,14.9988,270,315,0
17.06,14.99998,196.886,14.99882,270,315,0
17.08,14.99998,196.9402,14.99884,270,315,0
17.1,14.99998,196.9937,14.99885,270,315,0
17.12,14.99998,197.0465,14.99887,270,315,0
17.14,14.99998,197.0987,14.99889,270,315,0
17.16,14.99998,197.1502,14.99891,270,315,0
17.18,14.99998,197.201,14.99893,270,315,0
17.2,14.99998,197.2512,14.99894,270,315,0
17.22,14.99998,197.3007,14.99896,270,315,0
17.24,14.99998,197.3496,14.99898,270,315,0
17.26,14.99998,197.3979,14.99899,270,315,0
17.28,14.99998,197.4455,14.99901,270,315,0
17.3,14.99998,197.4926,14.99903,270,315,0
17.32,14.99998,197.539,14.99904,270,315,0
17.34,14.99998,197.5848,14.99906,270,315,0
17.36,14.99998,197.63,14.99907,270,315,0
17.38,14.99998,197.6746,14.99909,270,315,0
17.4,14.99998,197.7186,14.9991,270,315,0
17.42,14.99998,197.762,14.99912,270,315,0
17.44,14.99998,197.8049,14.99914,270,315,0
17.46,14.99998,197.8472,14.99915,270,315,0
17.48,14.99998,197.8889,14.99916,270,315,0
17.5,14.99998,197.9301,14.99918,270,315,0
17.52,14.99998,197.9707,14.99919,270,315,0
17.54,14.99998,198.0108,14.99921,270,315,0
17.56,14.99998,198.0503,14.99922,270,315,0
17.58,14.99998,198.0893,14.99923,270,315,0
17.6,14.99998,198.1278,14.99925,270,315,0
17.62,14.99998,198.1657,14.99926,270,315,0
17.64,14.99998,198.2031,14.99927,270,315,0
17.66,14.99998,198.24,14.99929,270,315,0
17.68,14.99998,198.2764,14.9993,270,315,0
17.7,14.99998,198.3123,14.99931,270,315,0
17.72,14.99998,198.3477,14.99932,270,315,0
17.74,14.99998,198.3826,14.99934,270,315,0
17.76,14.99998,198.417,14.99935,270,315,0
17.78,14.99998,198.4509,14.99936,270,315,0
17.8,14.99998,198.4844,14.99937,270,315,0
17.82,14.99998,198.5174,14.99938,270,315,0
17.84,14.99998,198.5499,14.9994,270,315,0
17.86,14.99998,198.582,14.99941,270,315,0
17.88,14.99998,198.6136,14.99942,270,315,0
17.9,14.99998,198.6447,14.99943,270,315,0
17.92,14.99998,198.6754,14.99944,270,315,0
17.94,14.99998,198.7057,14.99945,270,315,0
17.96,14.99998,198.7355,14.99946,270,315,0
17.98,14.99998,198.7649,14.99947,270,315,0
18,14.99998,198.7939,14.99948,270,315,0
18.02,14.99998,198.8225,14.99949,270,315,0
18.04,14.99998,198.8506,14.9995,270,315,0
18.06,14.99998,198.8783,14.99951,270,315,0
18.08,14.99998,198.9056,14.99952,270,315,0
18.1,14.99998,198.9326,14.99953,270,315,0
18.12,14.99998,198.9591,14.99954,270,315,0
18.14,14.99998,198.9852,14.99955,270,315,0
18.16,14.99998,199.0109,14.99956,270,315,0
18.18,14.99998,199.0363,14.99957,270,315,0
18.2,14.99998,199.0612,14.99958,270,315,0
18.22,14.99998,199.0858,14.99959,270,315,0
18.24,14.99998,199.11,14.9996,270,315,0
18.26,14.99998,199.1339,14.99961,270,315,0
18.28,14.99998,199.1573,14.99961,270,315,0
18.3,14.99998,199.1805,14.99962,270,315,0
18.32,14.99998,199.2032,14.99963,270,315,0
18.34,14.99998,199.2256,14.99964,270,315,0
18.36,14.99998,199.2477,14.99965,270,315,0
18.38,14.99998,199.2694,14.99965,270,315,0
18.4,14.99998,199.2908,14.99966,270,315,0
18.42,14.99998,199.3119,14.99967,270,315,0
18.44,14.99998,199.3326,14.99968,270,315,0
18.46,14.99998,199.353,14.99969,270,315,0
18.48,14.99998,199.3731,14.99969,270,315,0
18.5,14.99998,199.3928,14.9997,270,315,0
18.52,14.99998,199.4122,14.99971,270,315,0
18.54,14.99998,199.4314,14.99971,270,315,0
18.56,14.99998,199.4502,14.99972,270,315,0
18.58,14.99998,199.4687,14.99973,270,315,0
18.6,14.99998,199.4869,14.99973,270,315,0
18.62,14.99998,199.5048,14.99974,270,315,0
18.64,14.99998,199.5224,14.99975,270,315,0
18.66,14.99998,199.5398,14.99975,270,315,0
18.68,14.99998,199.5568,14.99976,270,315,0
18.7,14.99998,199.5736,14.99977,270,315,0
18.72,14.99998,199.59,14.99977,270,315,0
18.74,14.99998,199.6062,14.99978,270,315,0
18.76,14.99998,199.6222,14.99979,270,315,0
18.78,14.99998,199.6378,14.99979,270,315,0
18.8,14.99998,199.6532,14.9998,270,315,0
18.82,14.99998,199.6684,14.9998,270,315,0
18.84,14.99998,199.6832,14.99981,270,315,0
18.86,14.99998,199.6979,14.99981,270,315,0
18.88,14.99998,199.7122,14.99982,270,315,0
18.9,14.99998,199.7263,14.99983,270,315,0
18.92,14.99998,199.7402,14.99983,270,315,0
18.94,14.99998,199.7538,14.99984,270,315,0
18.96,14.99998,199.7672,14.99984,270,315,0
18.98,14.99998,199.7804,14.99985,270,315,0
19,14.99998,199.7933,14.99985,270,315,0
19.02,14.99998,199.806,14.99986,270,315,0
19.04,14.99998,199.8184,14.99986,270,315,0
19.06,14.99903,199.8306,14.9979,270,315,0
19.08,14.99714,199.8426,14.99403,270,315,0
19.1,14.99434,199.8543,14.98827,270,315,0
19.12,14.99064,199.8658,14.98067,270,315,0
19.14,14.98607,199.877,14.97126,270,315,0
19.16,14.98063,199.888,14.96009,270,315,0
19.18,14.97435,199.8988,14.94718,270,315,0
19.2,14.96725,199.9093,14.93258,270,315,0
19.22,14.95935,199.9197,14.91632,270,315,0
19.24,14.95065,199.9298,14.89844,270,315,0
19.26,14.94118,199.9397,14.87897,270,315,0
19.28,14.93096,199.9494,14.85794,270,315,0
19.3,14.91999,199.9588,14.83539,270,315,0
19.32,14.9083,199.9681,14.81135,270,315,0
19.34,14.89591,199.9772,14.78586,270,315,0
19.36,14.88282,199.986,14.75895,270,315,0
19.38,14.86906,199.9947,14.73065,270,315,0
19.4,14.85464,200.0031,14.70098,270,315,0
19.42,14.83957,200.0114,14.67,270,315,0
19.44,14.82387,200.0195,14.63771,270,315,0
19.46,14.80755,200.0273,14.60416,270,315,0
19.48,14.79064,200.035,14.56936,270,315,0
19.5,14.77313,200.0426,14.53337,270,315,0
19.52,14.75506,200.0499,14.49619,270,315,0
19.54,14.73642,200.0571,14.45786,270,315,0
19.56,14.71724,200.0641,14.41841,270,315,0
19.58,14.69752,200.0709,14.37786,270,315,0
19.6,14.67729,200.0775,14.33625,270,315,0
19.62,14.65655,200.084,14.2936,270,315,0
19.64,14.63532,200.0903,14.24993,270,315,0
19.66,14.6136,200.0965,14.20527,270,315,0
19.68,14.59142,200.1025,14.15965,270,315,0
19.7,14.56879,200.1083,14.11309,270,315,0
19.72,14.5457,200.114,14.06562,270,315,0
19.74,14.52219,200.1196,14.01726,270,315,0
19.76,14.49826,200.125,13.96803,270,315,0
19.78,14.47391,200.1302,13.91797,270,315,0
19.8,14.44917,200.1353,13.86708,270,315,0
19.82,14.42405,200.1402,13.81541,270,315,0
19.84,14.39855,200.145,13.76296,270,315,0
19.86,14.37268,200.1497,13.70976,270,315,0
19.88,14.34646,200.1542,13.65584,270,315,0
19.9,14.3199,200.1586,13.6012,270,315,0
19.92,14.293,200.1629,13.54589,270,315,0
19.94,14.26579,200.167,13.48991,270,315,0
19.96,14.23826,200.171,13.43329,270,315,0
19.98,14.21042,200.1749,13.37604,270,315,0
20,14.1823,200.1786,13.31819,270,315,0
20.02,14.15389,200.1823,13.25976,270,315,0
20.04,14.1252,200.1858,13.20077,270,315,0
20.06,14.09625,200.1892,13.14123,270,315,0
20.08,14.06705,200.1925,13.08116,270,315,0
20.1,14.0376,200.1956,13.02058,270,315,0
20.12,14.00791,200.1987,12.95952,270,315,0
20.14,13.97799,200.2016,12.89798,270,315,0
20.16,13.94785,200.2044,12.83599,270,315,0
20.18,13.91749,200.2072,12.77356,270,315,0
20.2,13.88694,200.2098,12.71071,270,315,0
20.22,13.85618,200.2123,12.64746,270,315,0
20.24,13.82524,200.2147,12.58382,270,315,0
20.26,13.79412,200.217,12.51981,270,315,0
20.28,13.76282,200.2192,12.45544,270,315,0
20.3,13.73136,200.2214,12.39073,270,315,0
20.32,13.69974,200.2234,12.3257,270,315,0
20.34,13.66797,200.2253,12.26035,270,315,0
20.36,13.63606,200.2271,12.19472,270,315,0
20.38,13.60401,200.2289,12.1288,270,315,0
20.4,13.57183,200.2306,12.06261,270,315,0
20.42,13.53953,200.2321,11.99618,270,315,0
20.44,13.50711,200.2336,11.9295,270,315,0
20.46,13.47458,200.235,11.8626,270,315,0
20.48,13.44195,200.2363,11.79548,270,315,0
20.5,13.40922,200.2376,11.72817,270,315,0
20.52,13.3764,200.2387,11.66067,270,315,0
20.54,13.3435,200.2398,11.593,270,315,0
20.56,13.31052,200.2408,11.52517,270,315,0
20.58,13.27747,200.2418,11.45718,270,315,0
20.6,13.24435,200.2426,11.38906,270,315,0
20.62,13.21117,200.2434,11.32082,270,315,0
20.64,13.17793,200.2441,11.25246,270,315,0
20.66,13.14464,200.2448,11.18399,270,315,0
20.68,13.11131,200.2453,11.11544,270,315,0
20.7,13.07794,200.2458,11.0468,270,315,0
20.72,13.04453,200.2463,10.97809,270,315,0
20.74,13.0111,200.2467,10.90932,270,315,0
20.76,12.97764,200.247,10.84051,270,315,0
20.78,12.94416,200.2472,10.77165,270,315,0
20.8,12.91067,200.2474,10.70276,270,315,0
20.82,12.87716,200.2475,10.63385,270,315,0
20.84,12.84366,200.2476,10.56493,270,315,0
20.86,12.81015,200.2476,10.49601,270,315,0
20.88,12.77664,200.2476,10.42709,270,315,0
20.9,12.74314,200.2475,10.35819,270,315,0
20.92,12.70965,200.2473,10.28931,270,315,0
20.94,12.67618,200.2471,10.22047,270,315,0
20.96,12.64273,200.2469,10.15167,270,315,0
20.98,12.6093,200.2466,10.08292,270,315,0
21,12.57591,200.2462,10.01422,270,315,0
21.02,12.54254,200.2458,9.945596,270,315,0
21.04,12.50921,200.2453,9.87704,270,315,0
21.06,12.47591,200.2448,9.808565,270,315,0
21.08,12.44267,200.2443,9.740178,270,315,0
21.1,12.40946,200.2437,9.671885,270,315,0
21.12,12.37631,200.243,9.603695,270,315,0
21.14,12.34321,200.2424,9.535614,270,315,0
21.16,12.31016,200.2417,9.467649,270,315,0
21.18,12.27718,200.2409,9.399805,270,315,0
21.2,12.24426,200.2401,9.33209,270,315,0
21.22,12.2114,200.2392,9.26451,270,315,0
21.24,12.17861,200.2384,9.197071,270,315,0
21.26,12.14589,200.2374,9.129779,270,315,0
21.28,12.11325,200.2365,9.06264,270,315,0
21.3,12.08069,200.2355,8.99566,270,315,0
21.32,12.0482,200.2345,8.928843,270,315,0
21.34,12.0158,200.2334,8.862197,270,315,0
21.36,11.98348,200.2323,8.795725,270,315,0
21.38,11.95125,200.2312,8.729433,270,315,0
21.4,11.91911,200.2301,8.663326,270,315,0
21.42,11.88706,200.2289,8.59741,270,315,0
21.44,11.85511,200.2276,8.531689,270,315,0
21.46,11.82325,200.2264,8.466167,270,315,0
21.48,11.79149,200.2251,8.40085,270,315,0
21.5,11.75984,200.2238,8.335741,270,315,0
21.52,11.72828,200.2225,8.270845,270,315,0
21.54,11.69684,200.2212,8.206166,270,315,0
21.56,11.6655,200.2198,8.141709,270,315,0
21.58,11.63427,200.2184,8.077477,270,315,0
21.6,11.60315,200.2169,8.013474,270,315,0
21.62,11.57215,200.2155,7.949705,270,315,0
21.64,11.54126,200.214,7.886171,270,315,0
21.66,11.51049,200.2125,7.822878,270,315,0
21.68,11.47983,200.211,7.759829,270,315,0
21.7,11.4493,200.2095,7.697027,270,315,0
21.72,11.41889,200.2079,7.634475,270,315,0
21.74,11.3886,200.2063,7.572176,270,315,0
21.76,11.35843,200.2047,7.510134,270,315,0
21.78,11.32839,200.2031,7.448351,270,315,0
21.8,11.29848,200.2015,7.386831,270,315,0
21.82,11.2687,200.1998,7.325576,270,315,0
21.84,11.23905,200.1982,7.264589,270,315,0
21.86,11.20953,200.1965,7.203873,270,315,0
21.88,11.18014,200.1948,7.143429,270,315,0
21.9,11.15089,200.1931,7.083261,270,315,0
21.92,11.12177,200.1914,7.023371,270,315,0
21.94,11.09279,200.1896,6.96376,270,315,0
21.96,11.06394,200.1879,6.904432,270,315,0
21.98,11.03524,200.1861,6.845389,270,315,0
22,11.00667,200.1843,6.786632,270,315,0
22.02,10.97824,200.1825,6.728163,270,315,0
22.04,10.94996,200.1807,6.669984,270,315,0
22.06,10.92181,200.1789,6.612098,270,315,0
22.08,10.89381,200.1771,6.554505,270,315,0
22.1,10.86596,200.1752,6.497208,270,315,0
22.12,10.83824,200.1734,6.440207,270,315,0
22.14,10.81067,200.1715,6.383505,270,315,0
22.16,10.78325,200.1697,6.327103,270,315,0
22.18,10.75598,200.1678,6.271002,270,315,0
22.2,10.72885,200.1659,6.215204,270,315,0
22.22,10.70187,200.164,6.159709,270,315,0
22.24,10.67504,200.1621,6.10452,270,315,0
22.26,10.64835,200.1602,6.049637,270,315,0
22.28,10.62182,200.1583,5.995061,270,315,0
22.3,10.59543,200.1564,5.940794,270,315,0
22.32,10.5692,200.1544,5.886835,270,315,0
22.34,10.54311,200.1525,5.833186,270,315,0
22.36,10.51718,200.1506,5.779848,270,315,0
22.38,10.4914,200.1486,5.726821,270,315,0
22.4,10.46577,200.1467,5.674107,270,315,0
22.42,10.4403,200.1447,5.621705,270,315,0
22.44,10.41497,200.1428,5.569617,270,315,0
22.46,10.3898,200.1408,5.517843,270,315,0
22.48,10.36478,200.1389,5.466384,270,315,0
22.5,10.33991,200.1369,5.415239,270,315,0
22.52,10.3152,200.1349,5.36441,270,315,0
22.54,10.29064,200.133,5.313896,270,315,0
22.56,10.26624,200.131,5.263699,270,315,0
22.58,10.24198,200.129,5.213817,270,315,0
22.6,10.21789,200.1271,5.164252,270,315,0
22.62,10.19394,200.1251,5.115003,270,315,0
22.64,10.17015,200.1231,5.066071,270,315,0
22.66,10.14652,200.1212,5.017456,270,315,0
22.68,10.12303,200.1192,4.969157,270,315,0
22.7,10.0997,200.1172,4.921175,270,315,0
22.72,10.07653,200.1153,4.873509,270,315,0
22.74,10.05351,200.1133,4.82616,270,315,0
22.76,10.03064,200.1113,4.779128,270,315,0
22.78,10.00793,200.1094,4.732411,270,315,0
22.8,9.985372,200.1074,4.686011,270,315,0
22.82,9.962966,200.1054,4.639926,270,315,0
22.84,9.940714,200.1035,4.594157,270,315,0
22.86,9.918614,200.1015,4.548703,270,315,0
22.88,9.896668,200.0995,4.503563,270,315,0
22.9,9.874875,200.0976,4.458738,270,315,0
22.92,9.853234,200.0956,4.414227,270,315,0
22.94,9.831746,200.0937,4.370029,270,315,0
22.96,9.81041,200.0917,4.326144,270,315,0
22.98,9.789226,200.0898,4.282572,270,315,0
23,9.768192,200.0878,4.239311,270,315,0
23.02,9.747311,200.0859,4.196362,270,315,0
23.04,9.726581,200.084,4.153723,270,315,0
23.06,9.706001,200.082,4.111394,270,315,0
23.08,9.685572,200.0801,4.069375,270,315,0
23.1,9.665293,200.0782,4.027664,270,315,0
23.12,9.645164,200.0762,3.986261,270,315,0
23.14,9.625183,200.0743,3.945166,270,315,0
23.16,9.605351,200.0724,3.904377,270,315,0
23.18,9.585669,200.0705,3.863893,270,315,0
23.2,9.566134,200.0686,3.823714,270,315,0
23.22,9.546748,200.0667,3.78384,270,315,0
23.24,9.527509,200.0648,3.744268,270,315,0
23.26,9.508416,200.063,3.704998,270,315,0
23.28,9.48947,200.0611,3.66603,270,315,0
23.3,9.470671,200.0592,3.627362,270,315,0
23.32,9.452017,200.0574,3.588994,270,315,0
23.34,9.433508,200.0555,3.550924,270,315,0
23.36,9.415143,200.0536,3.513151,270,315,0
23.38,9.396922,200.0518,3.475675,270,315,0
23.4,9.378845,200.05,3.438494,270,315,0
23.42,9.360911,200.0481,3.401607,270,315,0
23.44,9.343121,200.0463,3.365014,270,315,0
23.46,9.325471,200.0445,3.328712,270,315,0
23.48,9.307963,200.0427,3.292702,270,315,0
23.5,9.290597,200.0409,3.256982,270,315,0
23.52,9.273371,200.0391,3.221551,270,315,0
23.54,9.256285,200.0373,3.186407,270,315,0
23.56,9.239338,200.0355,3.15155,270,315,0
23.58,9.222529,200.0337,3.116978,270,315,0
23.6,9.205859,200.032,3.08269,270,315,0
23.62,9.189326,200.0302,3.048686,270,315,0
23.64,9.172931,200.0284,3.014962,270,315,0
23.66,9.156672,200.0267,2.98152,270,315,0
23.68,9.140548,200.025,2.948357,270,315,0
23.7,9.124559,200.0232,2.915471,270,315,0
23.72,9.108706,200.0215,2.882863,270,315,0
23.74,9.092985,200.0198,2.85053,270,315,0
23.76,9.077398,200.0181,2.818471,270,315,0
23.78,9.061944,200.0164,2.786685,270,315,0
23.8,9.046622,200.0147,2.755171,270,315,0
23.82,9.031432,200.013,2.723927,270,315,0
23.84,9.016373,200.0114,2.692952,270,315,0
23.86,9.001443,200.0097,2.662244,270,315,0
23.88,8.986643,200.008,2.631803,270,315,0
23.9,8.971972,200.0064,2.601627,270,315,0
23.92,8.957428,200.0047,2.571714,270,315,0
23.94,8.943012,200.0031,2.542064,270,315,0
23.96,8.928723,200.0015,2.512674,270,315,0
23.98,8.91456,199.9999,2.483544,270,315,0
24,8.900523,199.9983,2.454672,270,315,0
24.02,8.886611,199.9967,2.426056,270,315,0
24.04,8.872823,199.9951,2.397696,270,315,0
24.06,8.859158,199.9935,2.36959,270,315,0
24.08,8.845615,199.9919,2.341736,270,315,0
24.1,8.832195,199.9904,2.314134,270,315,0
24.12,8.818896,199.9888,2.286781,270,315,0
24.14,8.805718,199.9873,2.259676,270,315,0
24.16,8.792661,199.9857,2.232818,270,315,0
24.18,8.779722,199.9842,2.206206,270,315,0
24.2,8.766902,199.9827,2.179837,270,315,0
24.22,8.7542,199.9812,2.153712,270,315,0
24.24,8.741615,199.9797,2.127827,270,315,0
24.26,8.729147,199.9782,2.102181,270,315,0
24.28,8.716794,199.9767,2.076775,270,315,0
24.3,8.704556,199.9752,2.051605,270,315,0
24.32,8.692433,199.9737,2.02667,270,315,0
24.34,8.680424,199.9723,2.001969,270,315,0
24.36,8.668528,199.9708,1.9775,270,315,0
24.38,8.656744,199.9694,1.953263,270,315,0
24.4,8.645072,199.968,1.929255,270,315,0
24.42,8.633511,199.9666,1.905475,270,315,0
24.44,8.622059,199.9651,1.881921,270,315,0
24.46,8.610717,199.9637,1.858593,270,315,0
24.48,8.599483,199.9623,1.835489,270,315,0
24.5,8.588359,199.961,1.812607,270,315,0
24.52,8.577341,199.9596,1.789945,270,315,0
24.54,8.56643,199.9582,1.767503,270,315,0
24.56,8.555625,199.9568,1.745279,270,315,0
24.58,8.544925,199.9555,1.723271,270,315,0
24.6,8.534329,199.9542,1.701478,270,315,0
24.62,8.523838,199.9528,1.679899,270,315,0
24.64,8.51345,199.9515,1.658532,270,315,0
24.66,8.503163,199.9502,1.637375,270,315,0
24.68,8.492979,199.9489,1.616428,270,315,0
24.7,8.482896,199.9476,1.595688,270,315,0
24.72,8.472913,199.9463,1.575155,270,315,0
24.74,8.463029,199.945,1.554826,270,315,0
24.76,8.453244,199.9438,1.534701,270,315,0
24.78,8.443558,199.9425,1.514778,270,315,0
24.8,8.433969,199.9413,1.495056,270,315,0
24.82,8.424477,199.94,1.475532,270,315,0
24.84,8.415081,199.9388,1.456206,270,315,0
24.86,8.405781,199.9376,1.437077,270,315,0
24.88,8.396575,199.9364,1.418142,270,315,0
24.9,8.387464,199.9352,1.399401,270,315,0
24.92,8.378445,199.934,1.380851,270,315,0
24.94,8.369519,199.9328,1.362492,270,315,0
24.96,8.360685,199.9316,1.344323,270,315,0
24.98,8.351943,199.9304,1.326341,270,315,0
25,8.343291,199.9293,1.308545,270,315,0
25.02,8.334729,199.9281,1.290934,270,315,0
25.04,8.326257,199.927,1.273507,270,315,0
25.06,8.317872,199.9258,1.256262,270,315,0
25.08,8.309576,199.9247,1.239198,270,315,0
25.1,8.301367,199.9236,1.222313,270,315,0
25.12,8.293244,199.9225,1.205606,270,315,0
25.14,8.285208,199.9214,1.189075,270,315,0
25.16,8.277256,199.9203,1.17272,270,315,0
25.18,8.269389,199.9192,1.156539,270,315,0
25.2,8.261606,199.9181,1.14053,270,315,0
25.22,8.253906,199.9171,1.124693,270,315,0
25.24,8.246289,199.916,1.109025,270,315,0
25.26,8.238753,199.915,1.093526,270,315,0
25.28,8.231299,199.9139,1.078193,270,315,0
25.3,8.223926,199.9129,1.063027,270,315,0
25.32,8.216632,199.9119,1.048025,270,315,0
25.34,8.209417,199.9108,1.033186,270,315,0
25.36,8.202282,199.9098,1.018509,270,315,0
25.38,8.195224,199.9088,1.003992,270,315,0
25.4,8.188243,199.9078,0.9896343,270,315,0
25.42,8.181339,199.9069,0.9754345,270,315,0
25.44,8.174512,199.9059,0.9613913,270,315,0
25.46,8.16776,199.9049,0.9475033,270,315,0
25.48,8.161082,199.904,0.9337693,270,315,0
25.5,8.154479,199.903,0.920188,270,315,0
25.52,8.147949,199.9021,0.906758,270,315,0
25.54,8.141493,199.9011,0.8934782,270,315,0
25.56,8.135109,199.9002,0.8803471,270,315,0
25.58,8.128797,199.8993,0.8673637,270,315,0
25.6,8.122556,199.8984,0.8545266,270,315,0
25.62,8.116385,199.8975,0.8418347,270,315,0
25.64,8.110285,199.8966,0.8292865,270,315,0
25.66,8.104254,199.8957,0.8168809,270,315,0
25.68,8.098291,199.8948,0.8046167,270,315,0
25.7,8.092397,199.8939,0.7924927,270,315,0
25.72,8.08657,199.8931,0.7805076,270,315,0
25.74,8.08081,199.8922,0.7686602,270,315,0
25.76,8.075116,199.8914,0.7569493,270,315,0
25.78,8.069489,199.8905,0.7453737,270,315,0
25.8,8.063926,199.8897,0.7339323,270,315,0
25.82,8.058428,199.8889,0.7226237,270,315,0
25.84,8.052994,199.888,0.7114469,270,315,0
25.86,8.047624,199.8872,0.7004007,270,315,0
25.88,8.042316,199.8864,0.6894839,270,315,0
25.9,8.037071,199.8856,0.6786953,270,315,0
25.92,8.031888,199.8848,0.6680338,270,315,0
25.94,8.026766,199.884,0.6574983,270,315,0
25.96,8.021705,199.8833,0.6470876,270,315,0
25.98,8.016704,199.8825,0.6368005,270,315,0
26,8.011762,199.8817,0.626636,270,315,0
26.02,8.006879,199.881,0.6165928,270,315,0
26.04,8.002054,199.8802,0.60667,270,315,0
26.06,7.997288,199.8795,0.5968663,270,315,0
26.08,7.992579,199.8788,0.5871807,270,315,0
26.1,7.987927,199.878,0.5776122,270,315,0
26.12,7.983331,199.8773,0.5681595,270,315,0
26.14,7.978791,199.8766,0.5588216,270,315,0
26.16,7.974307,199.8759,0.5495974,270,315,0
26.18,7.969877,199.8752,0.540486,270,315,0
26.2,7.965501,199.8745,0.5314861,270,315,0
26.22,7.961179,199.8738,0.5225968,270,315,0
26.24,7.956911,199.8731,0.513817,270,315,0
26.26,7.952695,199.8724,0.5051456,270,315,0
26.28,7.948531,199.8718,0.4965817,270,315,0
26.3,7.944419,199.8711,0.4881241,270,315,0
26.32,7.940359,199.8705,0.479772,270,315,0
26.34,7.936348,199.8698,0.4715241,270,315,0
26.36,7.932389,199.8692,0.4633797,270,315,0
26.38,7.928479,199.8685,0.4553376,270,315,0
26.4,7.924618,199.8679,0.4473968,270,315,0
26.42,7.920806,199.8673,0.4395563,270,315,0
26.44,7.917043,199.8666,0.4318153,270,315,0
26.46,7.913327,199.866,0.4241726,270,315,0
26.48,7.909659,199.8654,0.4166274,270,315,0
26.5,7.906037,199.8648,0.4091786,270,315,0
26.52,7.902462,199.8642,0.4018254,270,315,0
26.54,7.898933,199.8636,0.3945667,270,315,0
26.56,7.89545,199.8631,0.3874016,270,315,0
26.58,7.892011,199.8625,0.3803292,270,315,0
26.6,7.888618,199.8619,0.3733485,270,315,0
26.62,7.885268,199.8613,0.3664587,270,315,0
26.64,7.881962,199.8608,0.3596588,270,315,0
26.66,7.878699,199.8602,0.3529479,270,315,0
26.68,7.875479,199.8597,0.3463251,270,315,0
26.7,7.872302,199.8591,0.3397895,270,315,0
26.72,7.869166,199.8586,0.3333402,270,315,0
26.74,7.866072,199.8581,0.3269764,270,315,0
26.76,7.863019,199.8575,0.320697,270,315,0
26.78,7.860007,199.857,0.3145014,270,315,0
26.8,7.857035,199.8565,0.3083886,270,315,0
26.82,7.854103,199.856,0.3023577,270,315,0
26.84,7.85121,199.8555,0.296408,270,315,0
26.86,7.848356,199.855,0.2905385,270,315,0
26.88,7.845541,199.8545,0.2847485,270,315,0
26.9,7.842764,199.854,0.279037,270,315,0
26.92,7.840025,199.8535,0.2734033,270,315,0
26.94,7.837324,199.853,0.2678466,270,315,0
26.96,7.834659,199.8526,0.262366,270,315,0
26.98,7.832031,199.8521,0.2569607,270,315,0
27,7.82944,199.8516,0.2516299,270,315,0
27.02,7.826884,199.8512,0.2463729,270,315,0
27.04,7.824363,199.8507,0.2411889,270,315,0
27.06,7.821878,199.8503,0.236077,270,315,0
27.08,7.819427,199.8498,0.2310365,270,315,0
27.1,7.817011,199.8494,0.2260666,270,315,0
27.12,7.814629,199.849,0.2211666,270,315,0
27.14,7.81228,199.8485,0.2163356,270,315,0
27.16,7.809965,199.8481,0.211573,270,315,0
27.18,7.807682,199.8477,0.2068781,270,315,0
27.2,7.805432,199.8473,0.20225,270,315,0
27.22,7.803214,199.8468,0.197688,270,315,0
27.24,7.801028,199.8464,0.1931915,270,315,0
27.26,7.798873,199.846,0.1887596,270,315,0
27.28,7.796749,199.8456,0.1843917,270,315,0
27.3,7.794656,199.8452,0.180087,270,315,0
27.32,7.792594,199.8448,0.175845,270,315,0
27.34,7.790562,199.8445,0.1716648,270,315,0
27.36,7.788559,199.8441,0.1675457,270,315,0
27.38,7.786586,199.8437,0.1634872,270,315,0
27.4,7.784642,199.8433,0.1594884,270,315,0
27.42,7.782726,199.843,0.1555488,270,315,0
27.44,7.780839,199.8426,0.1516677,270,315,0
27.46,7.778981,199.8422,0.1478443,270,315,0
27.48,7.77715,199.8419,0.1440782,270,315,0
27.5,7.775346,199.8415,0.1403685,270,315,0
27.52,7.77357,199.8412,0.1367146,270,315,0
27.54,7.771821,199.8408,0.133116,270,315,0
27.56,7.770097,199.8405,0.129572,270,315,0
27.58,7.7684,199.8402,0.1260819,270,315,0
27.6,7.766729,199.8398,0.1226451,270,315,0
27.62,7.765084,199.8395,0.1192611,270,315,0
27.64,7.763464,199.8392,0.1159291,270,315,0
27.66,7.761869,199.8389,0.1126486,270,315,0
27.68,7.760299,199.8385,0.1094191,270,315,0
27.7,7.758753,199.8382,0.1062398,270,315,0
27.72,7.757232,199.8379,0.1031102,270,315,0
27.74,7.755734,199.8376,0.1000297,270,315,0
27.76,7.75426,199.8373,0.0969978,270,315,0
27.78,7.75281,199.837,0.09401385,270,315,0
27.8,7.751382,199.8367,0.09107728,270,315,0
27.82,7.749977,199.8364,0.08818755,270,315,0
27.84,7.748595,199.8361,0.08534408,270,315,0
27.86,7.747234,199.8358,0.08254634,270,315,0
27.88,7.745896,199.8356,0.07979376,270,315,0
27.9,7.744579,199.8353,0.07708581,270,315,0
27.92,7.743284,199.835,0.07442194,270,315,0
27.94,7.74201,199.8347,0.07180163,270,315,0
27.96,7.740757,199.8345,0.06922434,270,315,0
27.98,7.739525,199.8342,0.06668956,270,315,0
28,7.738313,199.8339,0.06419675,270,315,0
28.02,7.737121,199.8337,0.06174541,270,315,0
28.04,7.735949,199.8334,0.05933503,270,315,0
28.06,7.734797,199.8332,0.05696511,270,315,0
28.08,7.733664,199.8329,0.05463514,270,315,0
28.1,7.732551,199.8327,0.05234463,270,315,0
28.12,7.731456,199.8324,0.05009309,270,315,0
28.14,7.73038,199.8322,0.04788003,270,315,0
28.16,7.729322,199.8319,0.04570499,270,315,0
28.18,7.728283,199.8317,0.04356747,270,315,0
28.2,7.727262,199.8315,0.041467,270,315,0
28.22,7.726259,199.8313,0.03940313,270,315,0
28.24,7.725273,199.831,0.03737539,270,315,0
28.26,7.724304,199.8308,0.03538332,270,315,0
28.28,7.723353,199.8306,0.03342646,270,315,0
28.3,7.722418,199.8304,0.03150438,270,315,0
28.32,7.7215,199.8302,0.02961662,270,315,0
28.34,7.720599,199.8299,0.02776274,270,315,0
28.36,7.719714,199.8297,0.02594232,270,315,0
28.38,7.718845,199.8295,0.02415491,270,315,0
28.4,7.717992,199.8293,0.0224001,270,315,0
28.42,7.717155,199.8291,0.02067745,270,315,0
28.44,7.716333,199.8289,0.01898656,270,315,0
28.46,7.715526,199.8287,0.017327,270,315,0
28.48,7.714734,199.8285,0.01569837,270,315,0
28.5,7.713957,199.8284,0.01410026,270,315,0
28.52,7.713195,199.8282,0.01253227,270,315,0
28.54,7.712447,199.828,0.010994,270,315,0
28.56,7.711713,199.8278,0.009485066,270,315,0
28.58,7.710994,199.8276,0.008005067,270,315,0
28.6,7.710288,199.8274,0.006553622,270,315,0
28.62,7.709596,199.8273,0.00513035,270,315,0
28.64,7.708918,199.8271,0.003734872,270,315,0
28.66,7.708252,199.8269,0.002366816,270,315,0
28.68,7.707601,199.8268,0.001025812,270,315,0
28.7,7.706962,199.8266,-0.0002885059,270,315,0
28.72,7.706336,199.8264,-0.0015765,270,315,0
28.74,7.705722,199.8262,-0.002838528,270,315,0
28.76,7.705121,199.8261,-0.004074945,270,315,0
28.78,7.704532,199.8259,-0.005286101,270,315,0
28.8,7.703955,199.8258,-0.006472344,270,315,0
28.82,7.70339,199.8256,-0.007634015,270,315,0
28.84,7.702837,199.8255,-0.008771456,270,315,0
28.86,7.702296,199.8253,-0.009885002,270,315,0
28.88,7.701766,199.8252,-0.01097499,270,315,0
28.9,7.701247,199.825,-0.01204174,270,315,0
28.92,7.70074,199.8249,-0.01308558,270,315,0
28.94,7.700243,199.8248,-0.01410683,270,315,0
28.96,7.699758,199.8246,-0.01510582,270,315,0
28.98,7.699283,199.8245,-0.01608285,270,315,0
29,7.698818,199.8244,-0.01703824,270,315,0
29.02,7.698364,199.8242,-0.0179723,270,315,0
29.04,7.69792,199.8241,-0.01888532,270,315,0
29.06,7.697486,199.824,-0.01977762,270,315,0
29.08,7.697062,199.8238,-0.02064949,270,315,0
29.1,7.696649,199.8237,-0.02150122,270,315,0
29.12,7.696244,199.8236,-0.02233311,270,315,0
29.14,7.695849,199.8235,-0.02314545,270,315,0
29.16,7.695464,199.8233,-0.02393851,270,315,0
29.18,7.695087,199.8232,-0.02471258,270,315,0
29.2,7.69472,199.8231,-0.02546794,270,315,0
29.22,7.694362,199.823,-0.02620487,270,315,0
29.24,7.694013,199.8229,-0.02692364,270,315,0
29.26,7.693672,199.8228,-0.02762451,270,315,0
29.28,7.693339,199.8227,-0.02830775,270,315,0
29.3,7.693016,199.8226,-0.02897363,270,315,0
29.32,7.6927,199.8224,-0.02962241,270,315,0
29.34,7.692393,199.8223,-0.03025434,270,315,0
29.36,7.692094,199.8222,-0.03086968,270,315,0
29.38,7.691803,199.8221,-0.03146867,270,315,0
29.4,7.691519,199.822,-0.03205158,270,315,0
29.42,7.691244,199.8219,-0.03261864,270,315,0
29.44,7.690976,199.8218,-0.0331701,270,315,0
29.46,7.690715,199.8217,-0.0337062,270,315,0
29.48,7.690462,199.8217,-0.03422716,270,315,0
29.5,7.690216,199.8216,-0.03473324,270,315,0
29.52,7.689977,199.8215,-0.03522465,270,315,0
29.54,7.689745,199.8214,-0.03570164,270,315,0
29.56,7.68952,199.8213,-0.03616442,270,315,0
29.58,7.689301,199.8212,-0.03661322,270,315,0
29.6,7.68909,199.8211,-0.03704826,270,315,0
29.62,7.688885,199.821,-0.03746976,270,315,0
29.64,7.688686,199.8209,-0.03787793,270,315,0
29.66,7.688494,199.8209,-0.03827299,270,315,0
29.68,7.688308,199.8208,-0.03865515,270,315,0
29.7,7.688128,199.8207,-0.03902461,270,315,0
29.72,7.687955,199.8206,-0.03938158,270,315,0
29.74,7.687788,199.8206,-0.03972627,270,315,0
29.76,7.687626,199.8205,-0.04005888,270,315,0
29.78,7.68747,199.8204,-0.0403796,270,315,0
29.8,7.68732,199.8203,-0.04068862,270,315,0
29.82,7.687175,199.8203,-0.04098615,270,315,0
29.84,7.687036,199.8202,-0.04127238,270,315,0
29.86,7.686902,199.8201,-0.04154748,270,315,0
29.88,7.686774,199.82,-0.04181166,270,315,0
29.9,7.686651,199.82,-0.04206508,270,315,0
29.92,7.686532,199.8199,-0.04230795,270,315,0
29.94,7.686419,199.8199,-0.04254042,270,315,0
29.96,7.686311,199.8198,-0.04276269,270,315,0
29.98,7.686208,199.8197,-0.04297493,270,315,0
30,7.68611,199.8197,-0.04317731,270,315,0
30.02,7.686017,199.8196,-0.04336999,270,315,0
30.04,7.685927,199.8195,-0.04355316,270,315,0
30.06,7.685843,199.8195,-0.04372697,270,315,0
30.08,7.685763,199.8194,-0.04389159,270,315,0
30.1,7.685687,199.8194,-0.04404718,270,315,0
30.12,7.685616,199.8193,-0.04419391,270,315,0
30.14,7.685548,199.8192,-0.04433193,270,315,0
30.16,7.685485,199.8192,-0.0444614,270,315,0
30.18,7.685427,199.8192,-0.04458246,270,315,0
30.2,7.685372,199.8191,-0.04469528,270,315,0
30.22,7.685321,199.8191,-0.0448,270,315,0
30.24,7.685274,199.819,-0.04489678,270,315,0
30.26,7.68523,199.819,-0.04498575,270,315,0
30.28,7.685191,199.8189,-0.04506706,270,315,0
30.3,7.685155,199.8189,-0.04514086,270,315,0
30.32,7.685122,199.8188,-0.04520729,270,315,0
30.34,7.685094,199.8188,-0.04526648,270,315,0
30.36,7.685069,199.8187,-0.04531857,270,315,0
30.38,7.685047,199.8187,-0.0453637,270,315,0
30.4,7.685028,199.8186,-0.04540199,270,315,0
30.42,7.685013,199.8186,-0.04543359,270,315,0
30.44,7.685,199.8186,-0.04545862,270,315,0
30.46,7.684991,199.8185,-0.04547721,270,315,0
30.48,7.684985,199.8185,-0.04548949,270,315,0
30.5,7.684982,199.8184,-0.04549557,270,315,0
30.52,7.684982,199.8184,-0.04549559,270,315,0
30.54,7.684985,199.8184,-0.04548967,270,315,0
30.56,7.684991,199.8183,-0.04547792,270,315,0
30.58,7.684999,199.8183,-0.04546046,270,315,0
30.6,7.68501,199.8183,-0.04543741,270,315,0
30.62,7.685024,199.8182,-0.04540889,270,315,0
30.64,7.685041,199.8182,-0.045375,270,315,0
30.66,7.68506,199.8182,-0.04533586,270,315,0
30.68,7.685081,199.8181,-0.04529158,270,315,0
30.7,7.685105,199.8181,-0.04524226,270,315,0
30.72,7.685132,199.8181,-0.04518802,270,315,0
30.74,7.68516,199.8181,-0.04512897,270,315,0
30.76,7.685191,199.818,-0.04506519,270,315,0
30.78,7.685225,199.818,-0.04499681,270,315,0
30.8,7.68526,199.818,-0.04492391,270,315,0
30.82,7.685297,199.8179,-0.04484659,270,315,0
30.84,7.685337,199.8179,-0.04476497,270,315,0
30.86,7.685379,199.8179,-0.04467913,270,315,0
30.88,7.685422,199.8178,-0.04458917,270,315,0
30.9,7.685468,199.8178,-0.04449518,270,315,0
30.92,7.685516,199.8178,-0.04439725,270,315,0
30.94,7.685565,199.8177,-0.04429549,270,315,0
30.96,7.685617,199.8177,-0.04418997,270,315,0
30.98,7.68567,199.8177,-0.04408078,270,315,0
31,7.685725,199.8177,-0.04396802,270,315,0
31.02,7.685781,199.8177,-0.04385177,270,315,0
31.04,7.68584,199.8177,-0.04373212,270,315,0
31.06,7.685899,199.8176,-0.04360915,270,315,0
31.08,7.685961,199.8176,-0.04348293,270,315,0
31.1,7.686024,199.8176,-0.04335356,270,315,0
31.12,7.686088,199.8176,-0.04322111,270,315,0
31.14,7.686154,199.8176,-0.04308566,270,315,0
31.16,7.686221,199.8176,-0.0429473,270,315,0
31.18,7.68629,199.8176,-0.04280608,270,315,0
31.2,7.68636,199.8175,-0.0426621,270,315,0
31.22,7.686431,199.8175,-0.04251542,270,315,0
31.24,7.686504,199.8175,-0.04236612,270,315,0
31.26,7.686578,199.8175,-0.04221427,270,315,0
31.28,7.686653,199.8175,-0.04205995,270,315,0
31.3,7.686729,199.8175,-0.04190321,270,315,0
31.32,7.686806,199.8174,-0.04174413,270,315,0
31.34,7.686884,199.8174,-0.04158278,270,315,0
31.36,7.686964,199.8174,-0.04141922,270,315,0
31.38,7.687045,199.8174,-0.04125353,270,315,0
31.4,7.687126,199.8174,-0.04108575,270,315,0
31.42,7.687209,199.8174,-0.04091596,270,315,0
31.44,7.687292,199.8174,-0.04074422,270,315,0
31.46,7.687376,199.8173,-0.04057059,270,315,0
31.48,7.687462,199.8173,-0.04039514,270,315,0
31.5,7.687548,199.8173,-0.04021791,270,315,0
31.52,7.687635,199.8173,-0.04003897,270,315,0
31.54,7.687723,199.8173,-0.03985839,270,315,0
31.56,7.687811,199.8173,-0.0396762,270,315,0
31.58,7.687901,199.8172,-0.03949247,270,315,0
31.6,7.687991,199.8172,-0.03930726,270,315,0
31.62,7.688081,199.8172,-0.03912062,270,315,0
31.64,7.688173,199.8172,-0.0389326,270,315,0
31.66,7.688265,199.8172,-0.03874325,270,315,0
31.68,7.688357,199.8172,-0.03855262,270,315,0
31.7,7.688451,199.8172,-0.03836077,270,315,0
31.72,7.688545,199.8172,-0.03816775,270,315,0
31.74,7.688639,199.8172,-0.0379736,270,315,0
31.76,7.688734,199.8172,-0.03777837,270,315,0
31.78,7.688829,199.8172,-0.0375821,270,315,0
31.8,7.688925,199.8172,-0.03738486,270,315,0
31.82,7.689022,199.8172,-0.03718667,270,315,0
31.84,7.689118,199.8172,-0.03698758,270,315,0
31.86,7.689216,199.8172,-0.03678765,270,315,0
31.88,7.689313,199.8172,-0.0365869,270,315,0
31.9,7.689411,199.8172,-0.03638539,270,315,0
31.92,7.689509,199.8172,-0.03618316,270,315,0
31.94,7.689608,199.8172,-0.03598024,270,315,0
31.96,7.689707,199.8172,-0.03577668,270,315,0
31.98,7.689806,199.8172,-0.03557252,270,315,0
32,7.689906,199.8172,-0.03536779,270,315,0
32.02,7.690006,199.8172,-0.03516253,270,315,0
32.04,7.690106,199.8172,-0.03495679,270,315,0
32.06,7.690206,199.8172,-0.03475059,270,315,0
32.08,7.690307,199.8172,-0.03454398,270,315,0
32.1,7.690407,199.8172,-0.03433698,270,315,0
32.12,7.690508,199.8172,-0.03412964,270,315,0
32.14,7.690609,199.8172,-0.03392199,270,315,0
32.16,7.69071,199.8172,-0.03371405,270,315,0
32.18,7.690811,199.8172,-0.03350587,270,315,0
32.2,7.690912,199.8172,-0.03329748,270,315,0
32.22,7.691014,199.8172,-0.0330889,270,315,0
32.24,7.691115,199.8172,-0.03288016,270,315,0
32.26,7.691217,199.8172,-0.03267131,270,315,0
32.28,7.691319,199.8172,-0.03246237,270,315,0
32.3,7.69142,199.8172,-0.03225336,270,315,0
32.32,7.691522,199.8172,-0.03204432,270,315,0
32.34,7.691623,199.8172,-0.03183527,270,315,0
32.36,7.691725,199.8172,-0.03162625,270,315,0
32.38,7.691826,199.8172,-0.03141727,270,315,0
32.4,7.691928,199.8172,-0.03120836,270,315,0
32.42,7.692029,199.8172,-0.03099956,270,315,0
32.44,7.692131,199.8172,-0.03079088,270,315,0
32.46,7.692233,199.8172,-0.03058235,270,315,0
32.48,7.692334,199.8172,-0.030374,270,315,0
32.5,7.692435,199.8172,-0.03016584,270,315,0
32.52,7.692536,199.8172,-0.02995791,270,315,0
32.54,7.692637,199.8172,-0.02975022,270,315,0
32.56,7.692738,199.8172,-0.02954279,270,315,0
32.58,7.692838,199.8172,-0.02933566,270,315,0
32.6,7.692939,199.8172,-0.02912883,270,315,0
32.62,7.693039,199.8172,-0.02892234,270,315,0
32.64,7.69314,199.8172,-0.02871619,270,315,0
32.66,7.69324,199.8172,-0.02851042,270,315,0
32.68,7.693339,199.8172,-0.02830504,270,315,0
32.7,7.693439,199.8172,-0.02810006,270,315,0
32.72,7.693539,199.8172,-0.02789551,270,315,0
32.74,7.693638,199.8172,-0.02769141,270,315,0
32.76,7.693737,199.8172,-0.02748778,270,315,0
32.78,7.693836,199.8172,-0.02728462,270,315,0
32.8,7.693934,199.8172,-0.02708196,270,315,0
32.82,7.694033,199.8172,-0.02687982,270,315,0
32.84,7.694131,199.8172,-0.0266782,270,315,0
32.86,7.694229,199.8172,-0.02647714,270,315,0
32.88,7.694326,199.8172,-0.02627663,270,315,0
32.9,7.694423,199.8172,-0.0260767,270,315,0
32.92,7.69452,199.8172,-0.02587736,270,315,0
32.94,7.694617,199.8172,-0.02567863,270,315,0
32.96,7.694713,199.8172,-0.02548052,270,315,0
32.98,7.694809,199.8172,-0.02528304,270,315,0
33,7.694905,199.8172,-0.0250862,270,315,0
33.02,7.695,199.8172,-0.02489003,270,315,0
33.04,7.695095,199.8172,-0.02469452,270,315,0
33.06,7.69519,199.8172,-0.0244997,270,315,0
33.08,7.695284,199.8172,-0.02430558,270,315,0
33.1,7.695378,199.8172,-0.02411216,270,315,0
33.12,7.695472,199.8172,-0.02391946,270,315,0
33.14,7.695565,199.8172,-0.02372748,270,315,0
33.16,7.695658,199.8172,-0.02353625,270,315,0
33.18,7.695751,199.8172,-0.02334576,270,315,0
33.2,7.695843,199.8172,-0.02315604,270,315,0
33.22,7.695935,199.8172,-0.02296708,270,315,0
33.24,7.696026,199.8172,-0.0227789,270,315,0
33.26,7.696117,199.8172,-0.02259151,270,315,0
33.28,7.696208,199.8172,-0.02240491,270,315,0
33.3,7.696298,199.8172,-0.02221912,270,315,0
33.32,7.696388,199.8172,-0.02203414,270,315,0
33.34,7.696478,199.8172,-0.02184999,270,315,0
33.36,7.696567,199.8172,-0.02166666,270,315,0
33.38,7.696656,199.8172,-0.02148416,270,315,0
33.4,7.696744,199.8172,-0.02130251,270,315,0
33.42,7.696832,199.8172,-0.0211217,270,315,0
33.44,7.696919,199.8172,-0.02094176,270,315,0
33.46,7.697006,199.8172,-0.02076267,270,315,0
33.48,7.697093,199.8172,-0.02058446,270,315,0
33.5,7.697179,199.8172,-0.02040712,270,315,0
33.52,7.697265,199.8172,-0.02023066,270,315,0
33.54,7.697351,199.8172,-0.02005508,270,315,0
33.56,7.697435,199.8172,-0.0198804,270,315,0
33.58,7.69752,199.8172,-0.01970661,270,315,0
33.6,7.697604,199.8172,-0.01953372,270,315,0
33.62,7.697687,199.8172,-0.01936174,270,315,0
33.64,7.69777,199.8172,-0.01919067,270,315,0
33.66,7.697853,199.8172,-0.01902051,270,315,0
33.68,7.697935,199.8172,-0.01885127,270,315,0
33.7,7.698017,199.8172,-0.01868295,270,315,0
33.72,7.698099,199.8172,-0.01851556,270,315,0
33.74,7.69818,199.8172,-0.01834909,270,315,0
33.76,7.69826,199.8172,-0.01818356,270,315,0
33.78,7.69834,199.8172,-0.01801896,270,315,0
33.8,7.69842,199.8172,-0.0178553,270,315,0
33.82,7.698499,199.8172,-0.01769258,270,315,0
33.84,7.698578,199.8172,-0.0175308,270,315,0
33.86,7.698656,199.8172,-0.01736997,270,315,0
33.88,7.698734,199.8172,-0.01721008,270,315,0
33.9,7.698811,199.8172,-0.01705115,270,315,0
33.92,7.698888,199.8172,-0.01689316,270,315,0
33.94,7.698964,199.8172,-0.01673612,270,315,0
33.96,7.69904,199.8172,-0.01658004,270,315,0
33.98,7.699115,199.8172,-0.01642492,270,315,0
34,7.69919,199.8172,-0.01627075,270,315,0
34.02,7.699265,199.8172,-0.01611754,270,315,0
34.04,7.699338,199.8172,-0.01596528,270,315,0
34.06,7.699412,199.8172,-0.01581399,270,315,0
34.08,7.699485,199.8172,-0.01566365,270,315,0
34.1,7.699557,199.8172,-0.01551428,270,315,0
34.12,7.699629,199.8172,-0.01536586,270,315,0
34.14,7.699701,199.8172,-0.01521841,270,315,0
34.16,7.699772,199.8172,-0.01507191,270,315,0
34.18,7.699842,199.8172,-0.01492638,270,315,0
34.2,7.699913,199.8172,-0.01478181,270,315,0
34.22,7.699982,199.8172,-0.01463819,270,315,0
34.24,7.700051,199.8172,-0.01449554,270,315,0
34.26,7.70012,199.8172,-0.01435385,270,315,0
34.28,7.700188,199.8172,-0.01421311,270,315,0
34.3,7.700256,199.8172,-0.01407333,270,315,0
34.32,7.700324,199.8172,-0.01393451,270,315,0
34.34,7.700391,199.8172,-0.01379664,270,315,0
34.36,7.700458,199.8172,-0.01365973,270,315,0
34.38,7.700524,199.8172,-0.01352377,270,315,0
34.4,7.70059,199.8172,-0.01338877,270,315,0
34.42,7.700655,199.8172,-0.01325471,270,315,0
34.44,7.70072,199.8172,-0.01312161,270,315,0
34.46,7.700785,199.8172,-0.01298945,270,315,0
34.48,7.700849,199.8172,-0.01285823,270,315,0
34.5,7.700912,199.8172,-0.01272796,270,315,0
34.52,7.700975,199.8172,-0.01259864,270,315,0
34.54,7.701037,199.8172,-0.01247025,270,315,0
34.56,7.701099,199.8172,-0.0123428,270,315,0
34.58,7.701161,199.8172,-0.01221629,270,315,0
34.6,7.701222,199.8172,-0.01209071,270,315,0
34.62,7.701283,199.8172,-0.01196607,270,315,0
34.64,7.701343,199.8172,-0.01184235,270,315,0
34.66,7.701402,199.8172,-0.01171956,270,315,0
34.68,7.701461,199.8172,-0.01159769,270,315,0
34.7,7.70152,199.8172,-0.01147675,270,315,0
34.72,7.701578,199.8172,-0.01135673,270,315,0
34.74,7.701636,199.8172,-0.01123762,270,315,0
34.76,7.701694,199.8172,-0.01111943,270,315,0
34.78,7.701751,199.8172,-0.01100214,270,315,0
34.8,7.701807,199.8172,-0.01088577,270,315,0
34.82,7.701864,199.8172,-0.0107703,270,315,0
34.84,7.70192,199.8172,-0.01065573,270,315,0
34.86,7.701975,199.8172,-0.01054206,270,315,0
34.88,7.70203,199.8172,-0.01042929,270,315,0
34.9,7.702084,199.8172,-0.01031741,270,315,0
34.92,7.702138,199.8172,-0.01020642,270,315,0
34.94,7.702191,199.8172,-0.01009631,270,315,0
34.96,7.702244,199.8172,-0.009987089,270,315,0
34.98,7.702297,199.8172,-0.009878746,270,315,0
35,7.702349,199.8172,-0.00977128,270,315,0
35.02,7.702401,199.8172,-0.009664686,270,315,0
35.04,7.702453,199.8172,-0.009558962,270,315,0
35.06,7.702504,199.8172,-0.009454102,270,315,0
35.08,7.702554,199.8172,-0.009350104,270,315,0
35.1,7.702604,199.8172,-0.009246965,270,315,0
35.12,7.702654,199.8172,-0.00914468,270,315,0
35.14,7.702703,199.8172,-0.009043246,270,315,0
35.16,7.702752,199.8173,-0.008942658,270,315,0
35.18,7.702801,199.8173,-0.008842914,270,315,0
35.2,7.702849,199.8173,-0.00874401,270,315,0
35.22,7.702897,199.8173,-0.008645941,270,315,0
35.24,7.702944,199.8173,-0.008548703,270,315,0
35.26,7.702991,199.8173,-0.008452293,270,315,0
35.28,7.703037,199.8173,-0.008356708,270,315,0
35.3,7.703083,199.8173,-0.008261942,270,315,0
35.32,7.703129,199.8173,-0.008167992,270,315,0
35.34,7.703174,199.8173,-0.008074854,270,315,0
35.36,7.703219,199.8173,-0.007982522,270,315,0
35.38,7.703263,199.8173,-0.007890995,270,315,0
35.4,7.703308,199.8173,-0.007800267,270,315,0
35.42,7.703351,199.8173,-0.007710334,270,315,0
35.44,7.703395,199.8173,-0.007621192,270,315,0
35.46,7.703438,199.8173,-0.007532838,270,315,0
35.48,7.70348,199.8173,-0.007445266,270,315,0
35.5,7.703522,199.8173,-0.007358473,270,315,0
35.52,7.703564,199.8173,-0.007272454,270,315,0
35.54,7.703606,199.8173,-0.007187206,270,315,0
35.56,7.703647,199.8173,-0.007102723,270,315,0
35.58,7.703687,199.8173,-0.007019002,270,315,0
35.6,7.703728,199.8173,-0.006936038,270,315,0
35.62,7.703768,199.8173,-0.006853827,270,315,0
35.64,7.703807,199.8173,-0.006772364,270,315,0
35.66,7.703846,199.8173,-0.006691647,270,315,0
35.68,7.703886,199.8173,-0.006611669,270,315,0
35.7,7.703924,199.8173,-0.006532426,270,315,0
35.72,7.703962,199.8173,-0.006453915,270,315,0
35.74,7.704,199.8173,-0.006376131,270,315,0
35.76,7.704038,199.8173,-0.00629907,270,315,0
35.78,7.704075,199.8173,-0.006222727,270,315,0
35.8,7.704112,199.8173,-0.006147097,270,315,0
35.82,7.704148,199.8173,-0.006072177,270,315,0
35.84,7.704184,199.8173,-0.005997962,270,315,0
35.86,7.70422,199.8173,-0.005924447,270,315,0
35.88,7.704255,199.8173,-0.005851628,270,315,0
35.9,7.70429,199.8173,-0.005779502,270,315,0
35.92,7.704325,199.8173,-0.005708062,270,315,0
35.94,7.70436,199.8173,-0.005637305,270,315,0
35.96,7.704393,199.8173,-0.005567227,270,315,0
35.98,7.704427,199.8173,-0.005497823,270,315,0
36,7.704461,199.8173,-0.005429089,270,315,0
36.02,7.704494,199.8173,-0.00536102,270,315,0
36.04,7.704526,199.8173,-0.005293612,270,315,0
36.06,7.704559,199.8173,-0.00522686,270,315,0
36.08,7.704591,199.8173,-0.005160761,270,315,0
36.1,7.704623,199.8173,-0.005095309,270,315,0
36.12,7.704654,199.8173,-0.0050305,270,315,0
36.14,7.704685,199.8173,-0.00496633,270,315,0
36.16,7.704716,199.8173,-0.004902794,270,315,0
36.18,7.704747,199.8173,-0.004839889,270,315,0
36.2,7.704777,199.8173,-0.00477761,270,315,0
36.22,7.704807,199.8173,-0.004715952,270,315,0
36.24,7.704836,199.8173,-0.00465491,270,315,0
36.26,7.704866,199.8173,-0.004594482,270,315,0
36.28,7.704895,199.8173,-0.004534661,270,315,0
36.3,7.704924,199.8173,-0.004475444,270,315,0
36.32,7.704952,199.8173,-0.004416827,270,315,0
36.34,7.70498,199.8173,-0.004358805,270,315,0
36.36,7.705009,199.8173,-0.004301374,270,315,0
36.38,7.705036,199.8173,-0.00424453,270,315,0
36.4,7.705063,199.8173,-0.004188268,270,315,0
36.42,7.705091,199.8173,-0.004132584,270,315,0
36.44,7.705117,199.8173,-0.004077473,270,315,0
36.46,7.705144,199.8173,-0.004022932,270,315,0
36.48,7.70517,199.8173,-0.003968956,270,315,0
36.5,7.705196,199.8173,-0.003915541,270,315,0
36.52,7.705222,199.8173,-0.003862683,270,315,0
36.54,7.705247,199.8173,-0.003810377,270,315,0
36.56,7.705272,199.8173,-0.00375862,270,315,0
36.58,7.705297,199.8173,-0.003707406,270,315,0
36.6,7.705322,199.8173,-0.003656732,270,315,0
36.62,7.705346,199.8173,-0.003606594,270,315,0
36.64,7.70537,199.8173,-0.003556987,270,315,0
36.66,7.705394,199.8173,-0.003507908,270,315,0
36.68,7.705418,199.8173,-0.003459352,270,315,0
36.7,7.705441,199.8173,-0.003411315,270,315,0
36.72,7.705464,199.8173,-0.003363793,270,315,0
36.74,7.705487,199.8173,-0.003316782,270,315,0
36.76,7.70551,199.8173,-0.003270278,270,315,0
36.78,7.705532,199.8173,-0.003224276,270,315,0
36.8,7.705554,199.8173,-0.003178773,270,315,0
36.82,7.705576,199.8173,-0.003133765,270,315,0
36.84,7.705597,199.8173,-0.003089248,270,315,0
36.86,7.705619,199.8173,-0.003045217,270,315,0
36.88,7.70564,199.8173,-0.003001669,270,315,0
36.9,7.705661,199.8173,-0.0029586,270,315,0
36.92,7.705681,199.8173,-0.002916006,270,315,0
36.94,7.705702,199.8173,-0.002873882,270,315,0
36.96,7.705722,199.8173,-0.002832226,270,315,0
36.98,7.705742,199.8173,-0.002791032,270,315,0
37,7.705762,199.8173,-0.002750298,270,315,0
37.02,7.705781,199.8173,-0.002710019,270,315,0
37.04,7.705801,199.8173,-0.002670191,270,315,0
37.06,7.70582,199.8173,-0.002630811,270,315,0
37.08,7.705839,199.8173,-0.002591875,270,315,0
37.1,7.705858,199.8173,-0.002553379,270,315,0
37.12,7.705876,199.8173,-0.002515319,270,315,0
37.14,7.705894,199.8173,-0.002477692,270,315,0
37.16,7.705913,199.8173,-0.002440493,270,315,0
37.18,7.70593,199.8173,-0.00240372,270,315,0
37.2,7.705948,199.8173,-0.002367368,270,315,0
37.22,7.705966,199.8173,-0.002331433,270,315,0
37.24,7.705983,199.8173,-0.002295913,270,315,0
37.26,7.706,199.8173,-0.002260803,270,315,0
37.28,7.706017,199.8173,-0.0022261,270,315,0
37.3,7.706033,199.8173,-0.0021918,270,315,0
37.32,7.70605,199.8173,-0.0021579,270,315,0
37.34,7.706066,199.8173,-0.002124395,270,315,0
37.36,7.706082,199.8173,-0.002091284,270,315,0
37.38,7.706098,199.8173,-0.002058561,270,315,0
37.4,7.706114,199.8173,-0.002026224,270,315,0
37.42,7.70613,199.8173,-0.001994268,270,315,0
37.44,7.706145,199.8173,-0.001962692,270,315,0
37.46,7.70616,199.8173,-0.00193149,270,315,0
37.48,7.706175,199.8173,-0.00190066,270,315,0
37.5,7.70619,199.8173,-0.001870198,270,315,0
37.52,7.706204,199.8173,-0.001840101,270,315,0
37.54,7.706219,199.8173,-0.001810365,270,315,0
37.56,7.706233,199.8173,-0.001780988,270,315,0
37.58,7.706247,199.8173,-0.001751966,270,315,0
37.6,7.706261,199.8173,-0.001723295,270,315,0
37.62,7.706275,199.8173,-0.001694972,270,315,0
37.64,7.706289,199.8173,-0.001666994,270,315,0
37.66,7.706302,199.8173,-0.001639358,270,315,0
