0,0,1,0,270,315,0
0.02,0,1,0,270,315,0
0.04,0,1.267867,-0.006533334,270,315,0
0.06,0,1.43948,-0.001959905,270,315,0
0.08,-0.000213637,1.64568,-0.004527948,270,315,0
0.09999999,1.275254E-05,1.839445,-0.003396506,270,315,0
0.12,-0.0001526526,2.037693,-0.004002155,270,315,0
0.14,-5.616197E-05,2.234317,-0.003836347,270,315,0
0.16,-0.0001106748,2.431534,-0.004001007,270,315,0
0.18,-8.564682E-05,2.628532,-0.004027352,270,315,0
0.2,-0.0001000352,2.825612,-0.004110467,270,315,0
0.22,-9.572299E-05,3.022661,-0.004170425,270,315,0
0.24,-9.999362E-05,3.219721,-0.004239608,270,315,0
0.26,-0.0001004199,3.416777,-0.004305,270,315,0
0.28,-0.0001025306,3.613835,-0.004371804,270,315,0
0.3,-0.0001039115,3.810892,-0.004437947,270,315,0
0.32,-0.0001056011,4.00795,-0.004504253,270,315,0
0.34,-0.0001071581,4.205007,-0.004570395,270,315,0
0.36,-0.0001087682,4.402064,-0.004636503,270,315,0
0.38,-0.0001103538,4.599122,-0.004702525,270,315,0
0.4,-0.0001119472,4.796179,-0.004768481,270,315,0
0.42,-0.000113535,4.993236,-0.004834364,270,315,0
0.44,-0.0001151226,5.190293,-0.004900177,270,315,0
0.46,-0.000116708,5.387351,-0.004965917,270,315,0
0.48,-0.0001182919,5.584408,-0.005031586,270,315,0
0.5,-0.000119874,5.781465,-0.005097183,270,315,0
0.52,-0.0001214544,5.978522,-0.005162709,270,315,0
0.54,-0.0001230331,6.17558,-0.005228163,270,315,0
0.56,-0.0001246102,6.372637,-0.005293544,270,315,0
0.58,-0.0001261855,6.569694,-0.005358854,270,315,0
0.6,-0.0001277591,6.766751,-0.005424092,270,315,0
0.62,-0.000129331,6.963809,-0.005489258,270,315,0
0.64,-0.0001309012,7.160866,-0.005554351,270,315,0
0.66,-0.0001324697,7.357923,-0.005619372,270,315,0
0.68,-0.0001340364,7.55498,-0.005684321,270,315,0
0.7,-0.0001356015,7.752038,-0.005749198,270,315,0
0.72,-0.0001371648,7.949095,-0.005814001,270,315,0
0.74,-0.0001387264,8.146152,-0.005878733,270,315,0
0.76,-0.0001402863,8.34321,-0.005943392,270,315,0
0.78,-0.0001418445,8.540268,-0.006007978,270,315,0
0.8,-0.0001434009,8.737326,-0.006072491,270,315,0
0.82,-0.0001449556,8.934383,-0.006136931,270,315,0
0.84,-0.0001465086,9.131441,-0.006201299,270,315,0
0.86,-0.0001480598,9.328499,-0.006265593,270,315,0
0.88,-0.0001496094,9.525557,-0.006329814,270,315,0
0.9,-0.0001511571,9.722614,-0.006393963,270,315,0
0.92,-0.0001527032,9.919672,-0.006458038,270,315,0
0.94,-0.0001542475,10.11673,-0.006522039,270,315,0
0.96,-0.0001557901,10.31379,-0.006585968,270,315,0
0.98,-0.0001573309,10.51085,-0.006649822,270,315,0
1,-0.00015887,10.7079,-0.006713604,270,315,0
1.02,-0.0001604073,10.90496,-0.006777311,270,315,0
1.04,-0.0001619429,11.10202,-0.006840945,270,315,0
1.06,-0.0001634768,11.29908,-0.006904505,270,315,0
1.08,-0.0001650089,11.49613,-0.006967992,270,315,0
1.1,-0.0001665392,11.69319,-0.007031404,270,315,0
1.12,-0.0001680678,11.89025,-0.007094742,270,315,0
1.14,-0.0001695946,12.08731,-0.007158007,270,315,0
1.16,-0.0001711197,12.28436,-0.007221197,270,315,0
1.18,-0.000172643,12.48142,-0.007284313,270,315,0
1.2,-0.0001741646,12.67848,-0.007347354,270,315,0
1.22,-0.0001756843,12.87554,-0.007410321,270,315,0
1.24,-0.0001772024,13.0726,-0.007473214,270,315,0
1.26,-0.0001787186,13.26965,-0.007536032,270,315,0
1.28,-0.0001802331,13.46671,-0.007598776,270,315,0
1.3,-0.0001817458,13.66377,-0.007661445,270,315,0
1.32,-0.0001832568,13.86083,-0.007724039,270,315,0
1.34,-0.0001847659,14.05788,-0.007786558,270,315,0
1.36,-0.0001862733,14.25494,-0.007849002,270,315,0
1.38,-0.0001877789,14.452,-0.007911372,270,315,0
1.4,-0.0001892827,14.64906,-0.007973666,270,315,0
1.42,-0.0001907848,14.84612,-0.008035885,270,315,0
1.44,-0.000192285,15.04317,-0.008098029,270,315,0
1.46,-0.0001937835,15.24023,-0.008160097,270,315,0
1.48,-0.0001952802,15.43729,-0.008222089,270,315,0
1.5,-0.0001967751,15.63435,-0.008284006,270,315,0
1.52,-0.0001982682,15.8314,-0.008345848,270,315,0
1.54,-0.0001997595,16.02846,-0.008407614,270,315,0
1.56,-0.000201249,16.22552,-0.008469305,270,315,0
1.58,-0.0002027367,16.42258,-0.008530919,270,315,0
1.6,-0.0002042226,16.61963,-0.008592458,270,315,0
1.62,-0.0002057067,16.81669,-0.008653921,270,315,0
1.64,-0.000207189,17.01375,-0.008715307,270,315,0
1.66,-0.0002086695,17.21081,-0.008776618,270,315,0
1.68,-0.0002101482,17.40787,-0.008837853,270,315,0
1.7,-0.0002116251,17.60492,-0.008899011,270,315,0
1.72,-0.0002131001,17.80198,-0.008960092,270,315,0
1.74,-0.0002145734,17.99904,-0.009021098,270,315,0
1.76,-0.0002160448,18.1961,-0.009082027,270,315,0
1.78,-0.0002175144,18.39315,-0.009142878,270,315,0
1.8,-0.0002189822,18.59021,-0.009203654,270,315,0
1.82,-0.0002204482,18.78727,-0.009264352,270,315,0
1.84,-0.0002219123,18.98433,-0.009324973,270,315,0
1.86,-0.0002233746,19.18139,-0.009385518,270,315,0
1.88,-0.0002248351,19.37844,-0.009445985,270,315,0
1.9,-0.0002262938,19.5755,-0.009506376,270,315,0
1.92,-0.0002277506,19.77256,-0.009566689,270,315,0
1.94,-0.0002292056,19.96962,-0.009626925,270,315,0
1.96,-0.0002306588,20.16667,-0.009687083,270,315,0
1.98,-0.0002321101,20.36373,-0.009747163,270,315,0
2,-0.0002335596,20.56079,-0.009807167,270,315,0
2.02,-0.0002350072,20.75785,-0.009867093,270,315,0
2.04,-0.000236453,20.9549,-0.00992694,270,315,0
2.06,-0.000237897,21.15196,-0.00998671,270,315,0
2.08,-0.000239339,21.34902,-0.0100464,270,315,0
2.1,-0.0002407793,21.54608,-0.01010602,270,315,0
2.12,-0.0002422177,21.74314,-0.01016555,270,315,0
2.14,-0.0002436542,21.94019,-0.01022501,270,315,0
2.16,-0.0002450889,22.13725,-0.01028439,270,315,0
2.18,-0.0002465217,22.33431,-0.01034369,270,315,0
2.2,-0.0002479527,22.53137,-0.01040291,270,315,0
2.22,-0.0002493818,22.72842,-0.01046206,270,315,0
2.24,-0.000250809,22.92548,-0.01052112,270,315,0
2.26,-0.0002522343,23.12254,-0.01058011,270,315,0
2.28,-0.0002536578,23.3196,-0.01063902,270,315,0
2.3,-0.0002550795,23.51665,-0.01069785,270,315,0
2.32,-0.0002564992,23.71371,-0.0107566,270,315,0
2.34,-0.0002579171,23.91077,-0.01081527,270,315,0
2.36,-0.0002593331,24.10783,-0.01087386,270,315,0
2.38,-0.0002607472,24.30489,-0.01093237,270,315,0
2.4,-0.0002621594,24.50194,-0.01099081,270,315,0
2.42,-0.0002635698,24.699,-0.01104916,270,315,0
2.44,-0.0002649782,24.89606,-0.01110744,270,315,0
2.46,-0.0002663848,25.09312,-0.01116563,270,315,0
2.48,-0.0002677895,25.29017,-0.01122375,270,315,0
2.5,-0.0002691922,25.48723,-0.01128178,270,315,0
2.52,-0.0002705931,25.68429,-0.01133974,270,315,0
2.54,-0.0002719921,25.88135,-0.01139762,270,315,0
2.56,-0.0002733892,26.07841,-0.01145541,270,315,0
2.58,-0.0002747844,26.27546,-0.01151313,270,315,0
2.6,-0.0002761777,26.47252,-0.01157076,270,315,0
2.62,-0.0002775691,26.66958,-0.01162832,270,315,0
2.64,-0.0002789585,26.86664,-0.01168579,270,315,0
2.66,-0.0002803461,27.06369,-0.01174319,270,315,0
2.68,-0.0002817317,27.26075,-0.0118005,270,315,0
2.7,-0.0002831155,27.45781,-0.01185773,270,315,0
2.72,-0.0002844973,27.65487,-0.01191489,270,315,0
2.74,-0.0002858772,27.85192,-0.01197196,270,315,0
2.76,-0.0002872552,28.04898,-0.01202895,270,315,0
2.78,-0.0002886312,28.24604,-0.01208586,270,315,0
2.8,-0.0002900054,28.4431,-0.01214269,270,315,0
2.82,-0.0002913776,28.64016,-0.01219943,270,315,0
2.84,-0.0002927478,28.83721,-0.0122561,270,315,0
2.86,-0.0002941162,29.03427,-0.01231268,270,315,0
2.88,-0.0002954826,29.23133,-0.01236919,270,315,0
2.9,-0.000296847,29.42839,-0.01242561,270,315,0
2.92,-0.0002982095,29.62544,-0.01248195,270,315,0
2.94,-0.0002995701,29.8225,-0.0125382,270,315,0
2.96,-0.0003009287,30.01956,-0.01259438,270,315,0
2.98,-0.0003022854,30.21662,-0.01265047,270,315,0
3,-0.0003036401,30.41368,-0.01270648,270,315,0
3.02,-0.0003049929,30.61073,-0.01276241,270,315,0
3.04,-0.0003063437,30.80779,-0.01281826,270,315,0
3.06,-0.0003076926,31.00485,-0.01287403,270,315,0
3.08,-0.0003090395,31.20191,-0.01292971,270,315,0
3.1,-0.0003103845,31.39896,-0.01298531,270,315,0
3.12,-0.0003117275,31.59602,-0.01304083,270,315,0
3.14,-0.0003130685,31.79308,-0.01309626,270,315,0
3.16,-0.0003144076,31.99014,-0.01315161,270,315,0
3.18,-0.0003157447,32.18719,-0.01320688,270,315,0
3.2,-0.0003170798,32.38425,-0.01326207,270,315,0
3.22,-0.0003184129,32.58131,-0.01331717,270,315,0
3.24,-0.0003197441,32.77836,-0.01337219,270,315,0
3.26,-0.0003210733,32.97542,-0.01342712,270,315,0
3.28,-0.0003224005,33.17247,-0.01348198,270,315,0
3.3,-0.0003237257,33.36953,-0.01353675,270,315,0
3.32,-0.0003250489,33.56659,-0.01359143,270,315,0
3.34,-0.0003263702,33.76364,-0.01364603,270,315,0
3.36,-0.0003276894,33.9607,-0.01370055,270,315,0
3.38,-0.0003290067,34.15775,-0.01375499,270,315,0
3.4,-0.000330322,34.35481,-0.01380934,270,315,0
3.42,-0.0003316352,34.55186,-0.0138636,270,315,0
3.44,-0.0003329465,34.74892,-0.01391778,270,315,0
3.46,-0.0003342558,34.94598,-0.01397188,270,315,0
3.48,-0.000335563,35.14303,-0.01402589,270,315,0
3.5,-0.0003368683,35.34009,-0.01407982,270,315,0
3.52,-0.0003381715,35.53714,-0.01413366,270,315,0
3.54,-0.0003394728,35.7342,-0.01418742,270,315,0
3.56,-0.000340772,35.93126,-0.0142411,270,315,0
3.58,-0.0003420692,36.12831,-0.01429469,270,315,0
3.6,-0.0003433643,36.32537,-0.01434819,270,315,0
3.62,-0.0003446575,36.52242,-0.01440161,270,315,0
3.64,-0.0003459486,36.71948,-0.01445494,270,315,0
3.66,-0.0003472377,36.91653,-0.01450819,270,315,0
3.68,-0.0003485248,37.11359,-0.01456136,270,315,0
3.7,-0.0003498098,37.31065,-0.01461443,270,315,0
3.72,-0.0003510928,37.5077,-0.01466742,270,315,0
3.74,-0.0003523737,37.70476,-0.01472033,270,315,0
3.76,-0.0003536526,37.90181,-0.01477315,270,315,0
3.78,-0.0003549295,38.09887,-0.01482588,270,315,0
3.8,-0.0003562043,38.29593,-0.01487853,270,315,0
3.82,-0.0003574771,38.49298,-0.01493109,270,315,0
3.84,-0.0003587478,38.69004,-0.01498357,270,315,0
3.86,-0.0003600165,38.88709,-0.01503596,270,315,0
3.88,-0.0003612831,39.08415,-0.01508826,270,315,0
3.9,-0.0003625477,39.2812,-0.01514048,270,315,0
3.92,-0.0003638102,39.47826,-0.01519261,270,315,0
3.94,-0.0003650706,39.67532,-0.01524465,270,315,0
3.96,-0.000366329,39.87237,-0.01529661,270,315,0
3.98,-0.0003675853,40.06943,-0.01534847,270,315,0
4,-0.0003688395,40.26648,-0.01540026,270,315,0
4.02,-0.0003700917,40.46354,-0.01545195,270,315,0
4.04,-0.0003713418,40.66059,-0.01550356,270,315,0
4.06,-0.0003725898,40.85765,-0.01555508,270,315,0
4.08,-0.0003738357,41.05471,-0.01560651,270,315,0
4.1,-0.0003750795,41.25176,-0.01565785,270,315,0
4.12,-0.0003763213,41.44882,-0.01570911,270,315,0
4.14,-0.000377561,41.64587,-0.01576028,270,315,0
4.16,-0.0003787985,41.84293,-0.01581136,270,315,0
4.18,-0.000380034,42.03999,-0.01586235,270,315,0
4.2,-0.0003812674,42.23704,-0.01591326,270,315,0
4.22,-0.0003824987,42.4341,-0.01596407,270,315,0
4.24,-0.0003837279,42.63115,-0.0160148,270,315,0
4.26,-0.000384955,42.82821,-0.01606544,270,315,0
4.28,-0.0003861799,43.02526,-0.01611599,270,315,0
4.3,-0.0003874028,43.22232,-0.01616645,270,315,0
4.32,-0.0003886235,43.41938,-0.01621682,270,315,0
4.34,-0.0003898422,43.61643,-0.01626711,270,315,0
4.36,-0.0003910587,43.81349,-0.0163173,270,315,0
4.38,-0.0003922731,44.01054,-0.01636741,270,315,0
4.4,-0.0003934853,44.2076,-0.01641742,270,315,0
4.42,-0.0003946955,44.40466,-0.01646735,270,315,0
4.44,-0.0003959035,44.60171,-0.01651719,270,315,0
4.46,-0.0003971094,44.79877,-0.01656693,270,315,0
4.48,-0.0003983131,44.99582,-0.01661659,270,315,0
4.5,-0.0003995147,45.19288,-0.01666616,270,315,0
4.52,-0.0004007142,45.38993,-0.01671564,270,315,0
4.54,-0.0004019115,45.58699,-0.01676502,270,315,0
4.56,-0.0004031066,45.78405,-0.01681432,270,315,0
4.58,-0.0004042997,45.9811,-0.01686353,270,315,0
4.6,-0.0004054905,46.17816,-0.01691264,270,315,0
4.62,-0.0004066793,46.37521,-0.01696167,270,315,0
4.64,-0.0004078658,46.57227,-0.01701061,270,315,0
4.66,-0.0004090502,46.76933,-0.01705945,270,315,0
4.68,-0.0004102325,46.96638,-0.0171082,270,315,0
4.7,-0.0004114125,47.16344,-0.01715687,270,315,0
4.72,-0.0004125904,47.36049,-0.01720544,270,315,0
4.74,-0.0004137662,47.55755,-0.01725391,270,315,0
4.76,-0.0004149397,47.7546,-0.0173023,270,315,0
4.78,-0.0004161111,47.95166,-0.0173506,270,315,0
4.8,-0.0004172803,48.14872,-0.0173988,270,315,0
4.82,-0.0004184473,48.34577,-0.01744692,270,315,0
4.84,-0.0004196121,48.54283,-0.01749494,270,315,0
4.86,-0.0004207747,48.73988,-0.01754287,270,315,0
4.88,-0.0004219352,48.93694,-0.01759071,270,315,0
4.9,-0.0004230934,49.134,-0.01763845,270,315,0
4.92,-0.0004242495,49.33105,-0.0176861,270,315,0
4.94,-0.0004254034,49.52811,-0.01773367,270,315,0
4.96,-0.000426555,49.72516,-0.01778113,270,315,0
4.98,-0.0004277045,49.92222,-0.01782851,270,315,0
5,-0.0004288517,50.11927,-0.01787579,270,315,0
5.02,-0.0004299968,50.31633,-0.01792298,270,315,0
5.04,-0.0004311396,50.51339,-0.01797007,270,315,0
5.06,-0.0004322802,50.71044,-0.01801708,270,315,0
5.08,-0.0004334185,50.9075,-0.01806398,270,315,0
5.1,-0.0004345547,51.10455,-0.0181108,270,315,0
5.12,-0.0004356886,51.30161,-0.01815752,270,315,0
5.14,-0.0004368203,51.49866,-0.01820415,270,315,0
5.16,-0.0004379498,51.69572,-0.01825069,270,315,0
5.18,-0.000439077,51.89278,-0.01829713,270,315,0
5.2,-0.000440202,52.08983,-0.01834347,270,315,0
5.22,-0.0004413247,52.28689,-0.01838973,270,315,0
5.24,-0.0004424452,52.48394,-0.01843589,270,315,0
5.26,-0.0004435634,52.681,-0.01848195,270,315,0
5.28,-0.0004446794,52.87806,-0.01852792,270,315,0
5.3,-0.0004457932,53.07511,-0.01857379,270,315,0
5.32,-0.0004469047,53.27217,-0.01861957,270,315,0
5.34,-0.0004480139,53.46922,-0.01866526,270,315,0
5.36,-0.0004491209,53.66628,-0.01871085,270,315,0
5.38,-0.0004502255,53.86333,-0.01875634,270,315,0
5.4,-0.000451328,54.06039,-0.01880174,270,315,0
5.42,-0.0004524281,54.25745,-0.01884705,270,315,0
5.44,-0.000453526,54.4545,-0.01889225,270,315,0
5.46,-0.0004546216,54.65156,-0.01893737,270,315,0
5.48,-0.0004557149,54.84861,-0.01898238,270,315,0
5.5,-0.000456806,55.04567,-0.0190273,270,315,0
5.52,-0.0004578947,55.24273,-0.01907213,270,315,0
5.54,-0.0004589812,55.43978,-0.01911685,270,315,0
5.56,-0.0004600653,55.63684,-0.01916149,270,315,0
5.58,-0.0004611472,55.83389,-0.01920602,270,315,0
5.6,-0.0004622267,56.03095,-0.01925046,270,315,0
5.62,-0.000463304,56.228,-0.0192948,270,315,0
5.64,-0.0004643789,56.42506,-0.01933905,270,315,0
5.66,-0.0004654516,56.62212,-0.0193832,270,315,0
5.68,-0.0004665219,56.81917,-0.01942725,270,315,0
5.7,-0.0004675899,57.01623,-0.0194712,270,315,0
5.72,-0.0004686556,57.21328,-0.01951505,270,315,0
5.74,-0.0004697189,57.41034,-0.01955881,270,315,0
5.76,-0.00047078,57.6074,-0.01960247,270,315,0
5.78,-0.0004718387,57.80445,-0.01964603,270,315,0
5.8,-0.0004728951,58.00151,-0.0196895,270,315,0
5.82,-0.0004739491,58.19856,-0.01973286,270,315,0
5.84,-0.0004750008,58.39562,-0.01977613,270,315,0
5.86,-0.0004760501,58.59267,-0.0198193,270,315,0
5.88,-0.0004770971,58.78973,-0.01986237,270,315,0
5.9,-0.0004781418,58.98679,-0.01990535,270,315,0
5.92,-0.0004791841,59.18384,-0.01994822,270,315,0
5.94,-0.000480224,59.3809,-0.01999099,270,315,0
5.96,-0.0004812616,59.57795,-0.02003367,270,315,0
5.98,-0.0004822968,59.77501,-0.02007625,270,315,0
6,-0.0004833297,59.97206,-0.02011872,270,315,0
6.02,-0.0004843602,60.16912,-0.0201611,270,315,0
6.04,-0.0004853883,60.36618,-0.02020338,270,315,0
6.06,-0.000486414,60.56323,-0.02024556,270,315,0
6.08,-0.0004874374,60.76029,-0.02028763,270,315,0
6.1,-0.0004884584,60.95734,-0.02032961,270,315,0
6.12,-0.000489477,61.1544,-0.02037149,270,315,0
6.14,-0.0004904931,61.35146,-0.02041327,270,315,0
6.16,-0.0004915069,61.54851,-0.02045494,270,315,0
6.18,-0.0004925184,61.74557,-0.02049652,270,315,0
6.2,-0.0004935274,61.94262,-0.02053799,270,315,0
6.22,-0.000494534,62.13968,-0.02057937,270,315,0
6.24,-0.0004955382,62.33673,-0.02062064,270,315,0
6.26,-0.0004965399,62.53379,-0.02066181,270,315,0
6.28,-0.0004975393,62.73085,-0.02070289,270,315,0
6.3,-0.0004985362,62.9279,-0.02074385,270,315,0
6.32,-0.0004995308,63.12496,-0.02078472,270,315,0
6.34,-0.0005005228,63.32201,-0.02082549,270,315,0
6.36,-0.0005015125,63.51907,-0.02086615,270,315,0
6.38,-0.0005024998,63.71613,-0.02090671,270,315,0
6.4,-0.0005034846,63.91318,-0.02094717,270,315,0
6.42,-0.0005044669,64.11024,-0.02098753,270,315,0
6.44,-0.0005054469,64.3073,-0.02102778,270,315,0
6.46,-0.0005064243,64.50436,-0.02106793,270,315,0
6.48,-0.0005073994,64.70142,-0.02110798,270,315,0
6.5,-0.000508372,64.89848,-0.02114793,270,315,0
6.52,-0.0005093421,65.09554,-0.02118777,270,315,0
6.54,-0.0005103097,65.29259,-0.02122751,270,315,0
6.56,-0.0005112749,65.48965,-0.02126715,270,315,0
6.58,-0.0005122376,65.68671,-0.02130668,270,315,0
6.6,-0.0005131979,65.88377,-0.02134611,270,315,0
6.62,-0.0005141556,66.08083,-0.02138543,270,315,0
6.64,-0.0005151109,66.27789,-0.02142465,270,315,0
6.66,-0.0005160637,66.47495,-0.02146377,270,315,0
6.68,-0.000517014,66.67201,-0.02150278,270,315,0
6.7,-0.0005179618,66.86907,-0.02154169,270,315,0
6.72,-0.0005189072,67.06613,-0.02158049,270,315,0
6.74,-0.00051985,67.26319,-0.02161919,270,315,0
6.76,-0.0005207903,67.46025,-0.02165778,270,315,0
6.78,-0.0005217282,67.65731,-0.02169627,270,315,0
6.8,-0.0005226635,67.85437,-0.02173465,270,315,0
6.82,-0.0005235962,68.05143,-0.02177293,270,315,0
6.84,-0.0005245265,68.24849,-0.0218111,270,315,0
6.86,-0.0005254543,68.44555,-0.02184917,270,315,0
6.88,-0.0005263795,68.64261,-0.02188713,270,315,0
6.9,-0.0005273022,68.83967,-0.02192498,270,315,0
6.92,-0.0005282224,69.03673,-0.02196273,270,315,0
6.94,-0.00052914,69.23379,-0.02200037,270,315,0
6.96,-0.0005300551,69.43085,-0.0220379,270,315,0
6.98,-0.0005309676,69.62791,-0.02207533,270,315,0
7,-0.0005318776,69.82497,-0.02211265,270,315,0
7.02,-0.0005327851,70.02203,-0.02214987,270,315,0
7.04,-0.00053369,70.21909,-0.02218698,270,315,0
7.06,-0.0005345923,70.41615,-0.02222398,270,315,0
7.08,-0.0005354921,70.6132,-0.02226087,270,315,0
7.1,-0.0005363893,70.81026,-0.02229765,270,315,0
7.12,-0.000537284,71.00732,-0.02233433,270,315,0
7.14,-0.000538176,71.20438,-0.02237089,270,315,0
7.16,-0.0005390655,71.40144,-0.02240735,270,315,0
7.18,-0.0005399524,71.5985,-0.0224437,270,315,0
7.2,-0.0005408367,71.79556,-0.02247995,270,315,0
7.22,-0.0005417184,71.99262,-0.02251608,270,315,0
7.24,-0.0005425975,72.18968,-0.02255211,270,315,0
7.26,-0.000543474,72.38674,-0.02258803,270,315,0
7.28,-0.0005443479,72.5838,-0.02262383,270,315,0
7.3,-0.0005452192,72.78086,-0.02265953,270,315,0
7.32,-0.0005460879,72.97792,-0.02269512,270,315,0
7.34,-0.000546954,73.17498,-0.0227306,270,315,0
7.36,-0.0005478174,73.37204,-0.02276597,270,315,0
7.38,-0.0005486782,73.5691,-0.02280123,270,315,0
7.4,-0.0005495364,73.76616,-0.02283637,270,315,0
7.42,-0.000550392,73.96322,-0.02287141,270,315,0
7.44,-0.0005512449,74.16028,-0.02290634,270,315,0
7.46,-0.0005520952,74.35734,-0.02294116,270,315,0
7.48,-0.0005529428,74.5544,-0.02297586,270,315,0
7.5,-0.0005537878,74.75146,-0.02301046,270,315,0
7.52,-0.0005546301,74.94852,-0.02304494,270,315,0
7.54,-0.0005554698,75.14558,-0.02307931,270,315,0
7.56,-0.0005563068,75.34264,-0.02311357,270,315,0
7.58,-0.0005571411,75.5397,-0.02314772,270,315,0
7.6,-0.0005579728,75.73676,-0.02318176,270,315,0
7.62,-0.0005588018,75.93382,-0.02321569,270,315,0
7.64,-0.0005596281,76.13087,-0.0232495,270,315,0
7.66,-0.0005604518,76.32793,-0.0232832,270,315,0
7.68,-0.0005612727,76.52499,-0.02331679,270,315,0
7.7,-0.000562091,76.72205,-0.02335026,270,315,0
7.72,-0.0005629065,76.91911,-0.02338362,270,315,0
7.74,-0.0005637193,77.11617,-0.02341687,270,315,0
7.76,-0.0005645295,77.31323,-0.02345,270,315,0
7.78,-0.0005653369,77.51029,-0.02348302,270,315,0
7.8,-0.0005661416,77.70735,-0.02351593,270,315,0
7.82,-0.0005669436,77.90441,-0.02354872,270,315,0
7.84,-0.0005677429,78.10147,-0.0235814,270,315,0
7.86,-0.0005685395,78.29853,-0.02361397,270,315,0
7.88,-0.0005693333,78.49559,-0.02364642,270,315,0
7.9,-0.0005701244,78.69265,-0.02367875,270,315,0
7.92,-0.0005709127,78.88971,-0.02371097,270,315,0
7.94,-0.0005716982,79.08677,-0.02374308,270,315,0
7.96,-0.0005724811,79.28383,-0.02377507,270,315,0
7.98,-0.0005732612,79.48089,-0.02380695,270,315,0
8,-0.0005740385,79.67795,-0.02383871,270,315,0
8.02,-0.000574813,79.87501,-0.02387035,270,315,0
8.04,-0.0005755848,80.07207,-0.02390188,270,315,0
8.059999,-0.0005763539,80.26913,-0.02393329,270,315,0
8.08,-0.0005771201,80.46619,-0.02396458,270,315,0
8.099999,-0.0005778836,80.66325,-0.02399576,270,315,0
8.12,-0.0005786442,80.86031,-0.02402682,270,315,0
8.139999,-0.0005794021,81.05737,-0.02405777,270,315,0
8.16,-0.0005801572,81.25443,-0.0240886,270,315,0
8.179999,-0.0005809094,81.45148,-0.0241193,270,315,0
8.2,-0.0005816589,81.64854,-0.0241499,270,315,0
8.22,-0.0005824055,81.8456,-0.02418037,270,315,0
8.24,-0.0005831494,82.04266,-0.02421073,270,315,0
8.26,-0.0005838904,82.23972,-0.02424097,270,315,0
8.28,-0.0005846286,82.43678,-0.02427109,270,315,0
8.3,-0.0005853639,82.63384,-0.02430109,270,315,0
8.32,-0.0005860965,82.8309,-0.02433097,270,315,0
8.34,-0.0005868262,83.02796,-0.02436074,270,315,0
8.36,-0.000587553,83.22502,-0.02439038,270,315,0
8.38,-0.000588277,83.42208,-0.02441991,270,315,0
8.4,-0.0005889981,83.61914,-0.02444931,270,315,0
8.42,-0.0005897164,83.8162,-0.0244786,270,315,0
8.44,-0.0005904318,84.01326,-0.02450777,270,315,0
8.46,-0.0005911444,84.21032,-0.02453681,270,315,0
8.48,-0.000591854,84.40738,-0.02456574,270,315,0
8.5,-0.0005925608,84.60444,-0.02459455,270,315,0
8.52,-0.0005932647,84.8015,-0.02462323,270,315,0
8.54,-0.0005939657,84.99856,-0.02465179,270,315,0
8.559999,-0.0005946638,85.19562,-0.02468024,270,315,0
8.58,-0.0005953591,85.39268,-0.02470856,270,315,0
8.599999,-0.0005960514,85.58974,-0.02473676,270,315,0
8.62,-0.0005967408,85.7868,-0.02476484,270,315,0
8.639999,-0.0005974273,85.98386,-0.02479279,270,315,0
8.66,-0.0005981109,86.18092,-0.02482063,270,315,0
8.679999,-0.0005987915,86.37798,-0.02484834,270,315,0
8.7,-0.0005994692,86.57504,-0.02487593,270,315,0
8.72,-0.000600144,86.77209,-0.02490339,270,315,0
8.74,-0.0006008159,86.96915,-0.02493073,270,315,0
8.76,-0.0006014847,87.16621,-0.02495795,270,315,0
8.78,-0.0006021507,87.36327,-0.02498505,270,315,0
8.8,-0.0006028137,87.56033,-0.02501202,270,315,0
8.82,-0.0006034737,87.75739,-0.02503887,270,315,0
8.84,-0.0006041307,87.95445,-0.0250656,270,315,0
8.86,-0.0006047848,88.15151,-0.02509219,270,315,0
8.88,-0.0006054359,88.34857,-0.02511867,270,315,0
8.9,-0.000606084,88.54563,-0.02514502,270,315,0
8.92,-0.0006067292,88.74269,-0.02517124,270,315,0
8.94,-0.0006073713,88.93975,-0.02519735,270,315,0
8.96,-0.0006080105,89.13681,-0.02522332,270,315,0
8.98,-0.0006086466,89.33387,-0.02524917,270,315,0
9,-0.0006092797,89.53093,-0.02527489,270,315,0
9.02,-0.0006099098,89.72799,-0.02530049,270,315,0
9.04,-0.0006105369,89.92505,-0.02532596,270,315,0
9.059999,-0.000611161,90.12211,-0.0253513,270,315,0
9.08,-0.000611782,90.31917,-0.02537652,270,315,0
9.099999,-0.0006124,90.51623,-0.02540161,270,315,0
9.12,-0.000613015,90.71329,-0.02542657,270,315,0
9.139999,-0.0006136268,90.91035,-0.0254514,270,315,0
9.16,-0.0006142357,91.10741,-0.02547611,270,315,0
9.179999,-0.0006148415,91.30447,-0.02550069,270,315,0
9.2,-0.0006154442,91.50153,-0.02552514,270,315,0
9.22,-0.0006160439,91.69859,-0.02554946,270,315,0
9.24,-0.0006166405,91.89565,-0.02557366,270,315,0
9.26,-0.000617234,92.0927,-0.02559772,270,315,0
9.28,-0.0006178244,92.28976,-0.02562166,270,315,0
9.3,-0.0006184118,92.48682,-0.02564547,270,315,0
9.32,-0.0006189959,92.68388,-0.02566914,270,315,0
9.34,-0.0006195771,92.88094,-0.02569269,270,315,0
9.36,-0.0006201551,93.078,-0.02571611,270,315,0
9.38,-0.00062073,93.27506,-0.02573939,270,315,0
9.4,-0.0006213018,93.47212,-0.02576255,270,315,0
9.42,-0.0006218705,93.66918,-0.02578557,270,315,0
9.44,-0.0006224359,93.86624,-0.02580847,270,315,0
9.46,-0.0006229983,94.0633,-0.02583123,270,315,0
9.48,-0.0006235575,94.26036,-0.02585386,270,315,0
9.5,-0.0006241136,94.45742,-0.02587636,270,315,0
9.52,-0.0006246665,94.65448,-0.02589873,270,315,0
9.54,-0.0006252163,94.85154,-0.02592097,270,315,0
9.559999,-0.0006257629,95.0486,-0.02594307,270,315,0
9.58,-0.0006263062,95.24566,-0.02596504,270,315,0
9.599999,-0.0006268465,95.44272,-0.02598688,270,315,0
9.62,-0.0006273835,95.63978,-0.02600858,270,315,0
9.639999,-0.0006279174,95.83684,-0.02603015,270,315,0
9.66,-0.000628448,96.0339,-0.02605159,270,315,0
9.679999,-0.0006289754,96.23096,-0.02607289,270,315,0
9.7,-0.0006294996,96.42802,-0.02609406,270,315,0
9.719999,-0.0006300206,96.62508,-0.0261151,270,315,0
9.74,-0.0006305384,96.82214,-0.02613599,270,315,0
9.76,-0.0006310529,97.0192,-0.02615676,270,315,0
9.78,-0.0006315642,97.21626,-0.02617739,270,315,0
9.8,-0.0006320723,97.41331,-0.02619788,270,315,0
9.82,-0.0006325771,97.61037,-0.02621824,270,315,0
9.84,-0.0006330787,97.80743,-0.02623846,270,315,0
9.86,-0.000633577,98.00449,-0.02625854,270,315,0
9.88,-0.000634072,98.20155,-0.02627849,270,315,0
9.9,-0.0006345638,98.39861,-0.0262983,270,315,0
9.92,-0.0006350523,98.59567,-0.02631797,270,315,0
9.94,-0.0006355374,98.79273,-0.02633751,270,315,0
9.96,-0.0006360193,98.98979,-0.02635691,270,315,0
9.98,-0.0006364979,99.18685,-0.02637617,270,315,0
10,-0.0006369731,99.38391,-0.02639529,270,315,0
10.02,-0.0006374451,99.58097,-0.02641428,270,315,0
10.04,-0.0006379137,99.77803,-0.02643312,270,315,0
10.06,-0.0006383791,99.97509,-0.02645183,270,315,0
10.08,-0.000638841,100.1721,-0.02647039,270,315,0
10.1,-0.0006392102,100.3783,-0.02648513,270,315,0
10.12,-0.0006394885,100.5934,-0.02649611,270,315,0
10.14,-0.0006396776,100.8171,-0.02650341,270,315,0
10.16,-0.0006397794,101.0493,-0.0265071,270,315,0
10.18,-0.0006397956,101.2898,-0.02650725,270,315,0
10.2,-0.0006397278,101.5385,-0.02650394,270,315,0
10.22,-0.0006395778,101.7949,-0.02649723,270,315,0
10.24,-0.0006393472,102.0591,-0.02648719,270,315,0
10.26,-0.0006390378,102.3309,-0.02647389,270,315,0
10.28,-0.0006386509,102.6099,-0.0264574,270,315,0
10.3,-0.0006381884,102.8961,-0.02643778,270,315,0
10.32,-0.0006376517,103.1892,-0.0264151,270,315,0
10.34,-0.0006370425,103.4892,-0.02638942,270,315,0
10.36,-0.0006363621,103.7957,-0.0263608,270,315,0
10.38,-0.0006356122,104.1087,-0.02632932,270,315,0
10.4,-0.0006347943,104.428,-0.02629502,270,315,0
10.42,-0.0006339098,104.7533,-0.02625798,270,315,0
10.44,-0.0006329601,105.0846,-0.02621824,270,315,0
10.46,-0.0006319468,105.4217,-0.02617587,270,315,0
10.48,-0.0006308711,105.7644,-0.02613093,270,315,0
10.5,-0.0006297345,106.1125,-0.02608347,270,315,0
10.52,-0.0006285384,106.466,-0.02603356,270,315,0
10.54,-0.000627284,106.8246,-0.02598124,270,315,0
10.56,-0.0006259728,107.1882,-0.02592657,270,315,0
10.58,-0.000624606,107.5567,-0.02586961,270,315,0
10.6,-0.0006231849,107.9298,-0.0258104,270,315,0
10.62,-0.0006217108,108.3076,-0.02574901,270,315,0
10.64,-0.0006201849,108.6898,-0.02568548,270,315,0
10.66,-0.0006186086,109.0762,-0.02561987,270,315,0
10.68,-0.0006169829,109.4668,-0.02555222,270,315,0
10.7,-0.0006153091,109.8615,-0.02548259,270,315,0
10.72,-0.0006135884,110.26,-0.02541101,270,315,0
10.74,-0.000611822,110.6622,-0.02533755,270,315,0
10.76,-0.0006100109,111.0681,-0.02526225,270,315,0
10.78,-0.0006081564,111.4775,-0.02518515,270,315,0
10.8,-0.0006062594,111.8903,-0.02510631,270,315,0
10.82,-0.0006043212,112.3063,-0.02502576,270,315,0
10.84,-0.0006023428,112.7255,-0.02494355,270,315,0
10.86,-0.0006003253,113.1477,-0.02485972,270,315,0
10.88,-0.0005982696,113.5728,-0.02477433,270,315,0
10.9,-0.0005961769,114.0007,-0.0246874,270,315,0
10.92,-0.0005940482,114.4313,-0.02459899,270,315,0
10.94,-0.0005918844,114.8644,-0.02450913,270,315,0
10.96,-0.0005896865,115.3,-0.02441786,270,315,0
10.98,-0.0005874555,115.738,-0.02432523,270,315,0
11,-0.0005851924,116.1782,-0.02423128,270,315,0
11.02,-0.0005828981,116.6205,-0.02413604,270,315,0
11.04,-0.0005805735,117.0649,-0.02403955,270,315,0
11.06,-0.0005782195,117.5113,-0.02394184,270,315,0
11.08,-0.0005758371,117.9595,-0.02384297,270,315,0
11.1,-0.0005734271,118.4094,-0.02374295,270,315,0
11.12,-0.0005709903,118.8611,-0.02364183,270,315,0
11.14,-0.0005685277,119.3142,-0.02353965,270,315,0
11.16,-0.00056604,119.7689,-0.02343643,270,315,0
11.18,-0.0005635281,120.225,-0.02333222,270,315,0
11.2,-0.0005609929,120.6823,-0.02322704,270,315,0
11.22,-0.000558435,121.1409,-0.02312093,270,315,0
11.24,-0.0005558553,121.6006,-0.02301392,270,315,0
11.26,-0.0005532546,122.0614,-0.02290605,270,315,0
11.28,-0.0005506336,122.5231,-0.02279733,270,315,0
11.3,-0.0005479931,122.9857,-0.02268782,270,315,0
11.32,-0.0005453338,123.4492,-0.02257753,270,315,0
11.34,-0.0005426564,123.9133,-0.02246649,270,315,0
11.36,-0.0005399617,124.3782,-0.02235474,270,315,0
11.38,-0.0005372502,124.8436,-0.02224231,270,315,0
11.4,-0.0005345229,125.3095,-0.02212922,270,315,0
11.42,-0.0005317802,125.7758,-0.02201549,270,315,0
11.44,-0.0005290229,126.2426,-0.02190117,270,315,0
11.46,-0.0005262516,126.7096,-0.02178627,270,315,0
11.48,-0.000523467,127.1769,-0.02167082,270,315,0
11.5,-0.0005206697,127.6443,-0.02155484,270,315,0
11.52,-0.0005178603,128.1119,-0.02143838,270,315,0
11.54,-0.0005150394,128.5795,-0.02132143,270,315,0
11.56,-0.0005122076,129.047,-0.02120405,270,315,0
11.58,-0.0005093655,129.5145,-0.02108624,270,315,0
11.6,-0.0005065138,129.9819,-0.02096803,270,315,0
11.62,-0.0005036528,130.449,-0.02084944,270,315,0
11.64,-0.0005007833,130.9159,-0.0207305,270,315,0
11.66,-0.0004979058,131.3825,-0.02061123,270,315,0
11.68,-0.0004950207,131.8487,-0.02049166,270,315,0
11.7,-0.0004921287,132.3145,-0.02037179,270,315,0
11.72,-0.0004892302,132.7799,-0.02025167,270,315,0
11.74,-0.0004863257,133.2447,-0.0201313,270,315,0
11.76,-0.0004834157,133.7089,-0.0200107,270,315,0
11.78,-0.0004805008,134.1725,-0.01988991,270,315,0
11.8,-0.0004775814,134.6355,-0.01976893,270,315,0
11.82,-0.000474658,135.0977,-0.01964779,270,315,0
11.84,-0.000471731,135.5591,-0.0195265,270,315,0
11.86,-0.000468801,136.0198,-0.01940509,270,315,0
11.88,-0.0004658683,136.4796,-0.01928356,270,315,0
11.9,-0.0004629333,136.9385,-0.01916195,270,315,0
11.92,-0.0004599966,137.3964,-0.01904027,270,315,0
11.94,-0.0004570585,137.8534,-0.01891854,270,315,0
11.96,-0.0004541195,138.3094,-0.01879677,270,315,0
11.98,-0.0004511799,138.7643,-0.01867497,270,315,0
12,-0.0004482401,139.2181,-0.01855318,270,315,0
12.02,-0.0004453005,139.6708,-0.01843139,270,315,0
12.04,-0.0004423616,140.1223,-0.01830963,270,315,0
12.06,-0.0004394236,140.5726,-0.01818791,270,315,0
12.08,-0.000436487,141.0217,-0.01806625,270,315,0
12.1,-0.000433552,141.4694,-0.01794467,270,315,0
12.12,-0.0004306191,141.9159,-0.01782317,270,315,0
12.14,-0.0004276886,142.361,-0.01770177,270,315,0
12.16,-0.0004247609,142.8048,-0.01758049,270,315,0
12.18,-0.0004218362,143.2472,-0.01745933,270,315,0
12.2,-0.0004189148,143.6881,-0.01733832,270,315,0
12.22,-0.0004159972,144.1276,-0.01721746,270,315,0
12.24,-0.0004130835,144.5656,-0.01709677,270,315,0
12.26,-0.0004101742,145.002,-0.01697626,270,315,0
12.28,-0.0004072694,145.437,-0.01685594,270,315,0
12.3,-0.0004043695,145.8703,-0.01673583,270,315,0
12.32,-0.0004014748,146.3021,-0.01661593,270,315,0
12.34,-0.0003985855,146.7322,-0.01649626,270,315,0
12.36,-0.0003957019,147.1607,-0.01637682,270,315,0
12.38,-0.0003928243,147.5875,-0.01625764,270,315,0
12.4,-0.0003899529,148.0127,-0.01613871,270,315,0
12.42,-0.000387088,148.4361,-0.01602005,270,315,0
12.44,-0.0003842298,148.8578,-0.01590168,270,315,0
12.46,-0.0003813785,149.2778,-0.01578359,270,315,0
12.48,-0.0003785345,149.696,-0.0156658,270,315,0
12.5,-0.0003756979,150.1124,-0.01554832,270,315,0
12.52,-0.0003728688,150.5269,-0.01543116,270,315,0
12.54,-0.0003700477,150.9397,-0.01531433,270,315,0
12.56,-0.0003672346,151.3506,-0.01519783,270,315,0
12.58,-0.0003644298,151.7596,-0.01508167,270,315,0
12.6,-0.0003616335,152.1668,-0.01496587,270,315,0
12.62,-0.0003588459,152.5721,-0.01485043,270,315,0
12.64,-0.0003560671,152.9754,-0.01473536,270,315,0
12.66,-0.0003532974,153.3769,-0.01462066,270,315,0
12.68,-0.0003505369,153.7764,-0.01450634,270,315,0
12.7,-0.0003477858,154.1739,-0.01439242,270,315,0
12.72,-0.0003450442,154.5695,-0.0142789,270,315,0
12.74,-0.0003423125,154.9632,-0.01416578,270,315,0
12.76,-0.0003395906,155.3548,-0.01405307,270,315,0
12.78,-0.0003368788,155.7444,-0.01394078,270,315,0
12.8,-0.0003341772,156.132,-0.01382891,270,315,0
12.82,-0.000331486,156.5176,-0.01371747,270,315,0
12.84,-0.0003288053,156.9012,-0.01360647,270,315,0
12.86,-0.0003261352,157.2827,-0.01349591,270,315,0
12.88,-0.0003234759,157.6622,-0.0133858,270,315,0
12.9,-0.0003208276,158.0397,-0.01327615,270,315,0
12.92,-0.0003181903,158.415,-0.01316695,270,315,0
12.94,-0.0003155642,158.7883,-0.01305821,270,315,0
12.96,-0.0003129493,159.1595,-0.01294994,270,315,0
12.98,-0.0003103458,159.5286,-0.01284215,270,315,0
13,-0.0003077539,159.8957,-0.01273483,270,315,0
13.02,-0.0003051736,160.2606,-0.012628,270,315,0
13.04,-0.0003026051,160.6234,-0.01252165,270,315,0
13.06,-0.0003000483,160.9841,-0.0124158,270,315,0
13.08,-0.0002975035,161.3427,-0.01231044,270,315,0
13.1,-0.0002949707,161.6992,-0.01220557,270,315,0
13.12,-0.00029245,162.0535,-0.01210121,270,315,0
13.14,-0.0002899416,162.4057,-0.01199736,270,315,0
13.16,-0.0002874453,162.7558,-0.01189401,270,315,0
13.18,-0.0002849615,163.1038,-0.01179118,270,315,0
13.2,-0.0002824901,163.4496,-0.01168886,270,315,0
13.22,-0.0002800313,163.7933,-0.01158707,270,315,0
13.24,-0.000277585,164.1348,-0.01148579,270,315,0
13.26,-0.0002751513,164.4742,-0.01138504,270,315,0
13.28,-0.0002727304,164.8114,-0.01128482,270,315,0
13.3,-0.0002703223,165.1465,-0.01118512,270,315,0
13.32,-0.000267927,165.4795,-0.01108596,270,315,0
13.34,-0.0002655446,165.8103,-0.01098734,270,315,0
13.36,-0.0002631752,166.1389,-0.01088925,270,315,0
13.38,-0.0002608187,166.4654,-0.0107917,270,315,0
13.4,-0.0002584754,166.7898,-0.01069469,270,315,0
13.42,-0.0002561451,167.112,-0.01059822,270,315,0
13.44,-0.0002538279,167.432,-0.0105023,270,315,0
13.46,-0.0002515239,167.7499,-0.01040692,270,315,0
13.48,-0.0002492332,168.0657,-0.01031209,270,315,0
13.5,-0.0002469557,168.3793,-0.01021781,270,315,0
13.52,-0.0002446914,168.6908,-0.01012408,270,315,0
13.54,-0.0002424405,169.0002,-0.01003091,270,315,0
13.56,-0.0002402029,169.3074,-0.009938282,270,315,0
13.58,-0.0002379787,169.6124,-0.009846211,270,315,0
13.6,-0.0002357678,169.9154,-0.009754696,270,315,0
13.62,-0.0002335704,170.2162,-0.009663736,270,315,0
13.64,-0.0002313864,170.5149,-0.009573332,270,315,0
13.66,-0.0002292158,170.8114,-0.009483485,270,315,0
13.68,-0.0002270588,171.1059,-0.009394197,270,315,0
13.7,-0.0002249151,171.3982,-0.009305466,270,315,0
13.72,-0.000222785,171.6885,-0.009217294,270,315,0
13.74,-0.0002206684,171.9766,-0.009129682,270,315,0
13.76,-0.0002185652,172.2626,-0.009042628,270,315,0
13.78,-0.0002164756,172.5466,-0.008956134,270,315,0
13.8,-0.0002143994,172.8284,-0.0088702,270,315,0
13.82,-0.0002123368,173.1082,-0.008784826,270,315,0
13.84,-0.0002102877,173.3858,-0.008700011,270,315,0
13.86,-0.0002082521,173.6614,-0.008615755,270,315,0
13.88,-0.00020623,173.935,-0.008532059,270,315,0
13.9,-0.0002042213,174.2064,-0.008448922,270,315,0
13.92,-0.0002022262,174.4758,-0.008366344,270,315,0
13.94,-0.0002002446,174.7431,-0.008284324,270,315,0
13.96,-0.0001982764,175.0085,-0.008202862,270,315,0
13.98,-0.0001963216,175.2717,-0.008121957,270,315,0
14,-0.0001943804,175.5329,-0.008041609,270,315,0
14.02,-0.0001924525,175.7921,-0.007961817,270,315,0
14.04,-0.000190538,176.0493,-0.007882581,270,315,0
14.06,-0.000188637,176.3045,-0.0078039,270,315,0
14.08,-0.0001867493,176.5576,-0.007725772,270,315,0
14.1,-0.000184875,176.8088,-0.007648197,270,315,0
14.12,-0.000183014,177.058,-0.007571175,270,315,0
14.14,-0.0001811663,177.3051,-0.007494704,270,315,0
14.16,-0.0001793319,177.5503,-0.007418783,270,315,0
14.18,-0.0001775107,177.7935,-0.007343411,270,315,0
14.2,-0.0001757028,178.0348,-0.007268587,270,315,0
14.22,-0.000173908,178.2741,-0.007194309,270,315,0
14.24,-0.0001721265,178.5115,-0.007120577,270,315,0
14.26,-0.000170358,178.7469,-0.007047389,270,315,0
14.28,-0.0001686027,178.9804,-0.006974744,270,315,0
14.3,-0.0001668605,179.212,-0.006902641,270,315,0
14.32,-0.0001651313,179.4417,-0.006831077,270,315,0
14.34,-0.0001634151,179.6694,-0.006760053,270,315,0
14.36,-0.0001617119,179.8952,-0.006689565,270,315,0
14.38,-0.0001600216,180.1192,-0.006619614,270,315,0
14.4,-0.0001583442,180.3413,-0.006550196,270,315,0
14.42,-0.0001566797,180.5615,-0.006481311,270,315,0
14.44,-0.000155028,180.7798,-0.006412956,270,315,0
14.46,-0.000153389,180.9963,-0.006345131,270,315,0
14.48,-0.0001517628,181.211,-0.006277833,270,315,0
14.5,-0.0001501493,181.4238,-0.006211061,270,315,0
14.52,-0.0001485485,181.6347,-0.006144813,270,315,0
14.54,-0.0001469602,181.8439,-0.006079087,270,315,0
14.56,-0.0001453845,182.0512,-0.00601388,270,315,0
14.58,-0.0001438214,182.2567,-0.005949193,270,315,0
14.6,-0.0001422707,182.4605,-0.005885021,270,315,0
14.62,-0.0001407324,182.6625,-0.005821364,270,315,0
14.64,-0.0001392065,182.8627,-0.00575822,270,315,0
14.66,-0.0001376929,183.0611,-0.005695586,270,315,0
14.68,-0.0001361916,183.2578,-0.00563346,270,315,0
14.7,-0.0001347025,183.4527,-0.005571841,270,315,0
14.72,-0.0001332257,183.6459,-0.005510726,270,315,0
14.74,-0.0001317609,183.8373,-0.005450113,270,315,0
14.76,-0.0001303082,184.0271,-0.005390001,270,315,0
14.78,-0.0001288676,184.2151,-0.005330386,270,315,0
14.8,-0.0001274389,184.4015,-0.005271267,270,315,0
14.82,-0.0001260221,184.5861,-0.005212642,270,315,0
14.84,-0.0001246173,184.7691,-0.005154508,270,315,0
14.86,-0.0001232242,184.9504,-0.005096863,270,315,0
14.88,-0.0001218429,185.13,-0.005039706,270,315,0
14.9,-0.0001204733,185.308,-0.004983033,270,315,0
14.92,-0.0001191153,185.4844,-0.004926842,270,315,0
14.94,-0.000117769,185.6591,-0.004871131,270,315,0
14.96,-0.0001164341,185.8322,-0.004815898,270,315,0
14.98,-0.0001151108,186.0037,-0.00476114,270,315,0
15,-0.0001137989,186.1736,-0.004706856,270,315,0
15.02,-0.0001124984,186.3419,-0.004653042,270,315,0
15.04,-0.0001112091,186.5086,-0.004599696,270,315,0
15.06,-0.0001099311,186.6738,-0.004546817,270,315,0
15.08,-0.0001086644,186.8373,-0.004494401,270,315,0
15.1,-0.0001074087,186.9994,-0.004442445,270,315,0
15.12,-0.0001061641,187.1599,-0.004390949,270,315,0
15.14,-0.0001049306,187.3188,-0.004339909,270,315,0
15.16,-0.000103708,187.4763,-0.004289322,270,315,0
