0,-30,1,30,270,315,0
0.02,-30,1,30,270,315,0
0.04,-30,1.267867,29.99347,270,315,0
0.06,-30,1.43948,29.99804,270,315,0
0.08,-30.00021,1.64568,29.99547,270,315,0
0.09999999,-29.99999,1.839445,29.9966,270,315,0
0.12,-30.00015,2.037693,29.996,270,315,0
0.14,-30.00006,2.234317,29.99616,270,315,0
0.16,-30.00011,2.431534,29.996,270,315,0
0.18,-30.00009,2.628532,29.99597,270,315,0
0.2,-30.0001,2.825612,29.99589,270,315,0
0.22,-30.0001,3.022661,29.99583,270,315,0
0.24,-30.0001,3.219721,29.99576,270,315,0
0.26,-30.0001,3.416777,29.9957,270,315,0
0.28,-30.0001,3.613835,29.99563,270,315,0
0.3,-30.0001,3.810892,29.99556,270,315,0
0.32,-30.00011,4.00795,29.9955,270,315,0
0.34,-30.00011,4.205007,29.99543,270,315,0
0.36,-30.00011,4.402064,29.99536,270,315,0
0.38,-30.00011,4.599122,29.9953,270,315,0
0.4,-30.00011,4.796179,29.99523,270,315,0
0.42,-30.00012,4.993236,29.99516,270,315,0
0.44,-30.00012,5.190293,29.9951,270,315,0
0.46,-30.00012,5.387351,29.99503,270,315,0
0.48,-30.00012,5.584408,29.99497,270,315,0
0.5,-30.00012,5.781465,29.9949,270,315,0
0.52,-30.00013,5.978522,29.99484,270,315,0
0.54,-30.00013,6.17558,29.99477,270,315,0
0.56,-30.00013,6.372637,29.99471,270,315,0
0.58,-30.00013,6.569694,29.99464,270,315,0
0.6,-30.00013,6.766751,29.99458,270,315,0
0.62,-30.00014,6.963809,29.99451,270,315,0
0.64,-30.00014,7.160866,29.99445,270,315,0
0.66,-30.00014,7.357923,29.99438,270,315,0
0.68,-30.00014,7.55498,29.99432,270,315,0
0.7,-30.00014,7.752038,29.99425,270,315,0
0.72,-30.00014,7.949095,29.99419,270,315,0
0.74,-30.00015,8.146152,29.99412,270,315,0
0.76,-30.00015,8.34321,29.99406,270,315,0
0.78,-30.00015,8.540268,29.99399,270,315,0
0.8,-30.00015,8.737326,29.99393,270,315,0
0.82,-30.00015,8.934383,29.99386,270,315,0
0.84,-30.00016,9.131441,29.9938,270,315,0
0.86,-30.00016,9.328499,29.99373,270,315,0
0.88,-30.00016,9.525557,29.99367,270,315,0
0.9,-30.00016,9.722614,29.9936,270,315,0
0.92,-30.00016,9.919672,29.99354,270,315,0
0.94,-30.00017,10.11673,29.99347,270,315,0
0.96,-30.00017,10.31379,29.99341,270,315,0
0.98,-30.00017,10.51085,29.99335,270,315,0
1,-30.00017,10.7079,29.99328,270,315,0
1.02,-30.00017,10.90496,29.99322,270,315,0
1.04,-30.00018,11.10202,29.99316,270,315,0
1.06,-30.00018,11.29908,29.9931,270,315,0
1.08,-30.00018,11.49613,29.99303,270,315,0
1.1,-30.00018,11.69319,29.99297,270,315,0
1.12,-30.00018,11.89025,29.99291,270,315,0
1.14,-30.00019,12.08731,29.99284,270,315,0
1.16,-30.00019,12.28436,29.99278,270,315,0
1.18,-30.00019,12.48142,29.99272,270,315,0
1.2,-30.00019,12.67848,29.99265,270,315,0
1.22,-30.00019,12.87554,29.99259,270,315,0
1.24,-30.00019,13.0726,29.99253,270,315,0
1.26,-30.0002,13.26965,29.99247,270,315,0
1.28,-30.0002,13.46671,29.9924,270,315,0
1.3,-30.0002,13.66377,29.99234,270,315,0
1.32,-30.0002,13.86083,29.99228,270,315,0
1.34,-30.0002,14.05788,29.99221,270,315,0
1.36,-30.00021,14.25494,29.99215,270,315,0
1.38,-30.00021,14.452,29.99209,270,315,0
1.4,-30.00021,14.64906,29.99203,270,315,0
1.42,-30.00021,14.84612,29.99196,270,315,0
1.44,-30.00021,15.04317,29.9919,270,315,0
1.46,-30.00022,15.24023,29.99184,270,315,0
1.48,-30.00022,15.43729,29.99177,270,315,0
1.5,-30.00022,15.63435,29.99171,270,315,0
1.52,-30.00022,15.8314,29.99165,270,315,0
1.54,-30.00022,16.02846,29.99159,270,315,0
1.56,-30.00023,16.22552,29.99153,270,315,0
1.58,-30.00023,16.42258,29.99147,270,315,0
1.6,-30.00023,16.61963,29.99141,270,315,0
1.62,-30.00023,16.81669,29.99135,270,315,0
1.64,-30.00023,17.01375,29.99129,270,315,0
1.66,-30.00023,17.21081,29.99122,270,315,0
1.68,-30.00024,17.40787,29.99116,270,315,0
1.7,-30.00024,17.60492,29.9911,270,315,0
1.72,-30.00024,17.80198,29.99104,270,315,0
1.74,-30.00024,17.99904,29.99098,270,315,0
1.76,-30.00024,18.1961,29.99092,270,315,0
1.78,-30.00025,18.39315,29.99086,270,315,0
1.8,-30.00025,18.59021,29.9908,270,315,0
1.82,-30.00025,18.78727,29.99074,270,315,0
1.84,-30.00025,18.98433,29.99067,270,315,0
1.86,-30.00025,19.18139,29.99061,270,315,0
1.88,-30.00026,19.37844,29.99055,270,315,0
1.9,-30.00026,19.5755,29.99049,270,315,0
1.92,-30.00026,19.77256,29.99043,270,315,0
1.94,-30.00026,19.96962,29.99037,270,315,0
1.96,-30.00026,20.16667,29.99031,270,315,0
1.98,-30.00027,20.36373,29.99025,270,315,0
2,-30.00027,20.56079,29.99019,270,315,0
2.02,-30.00027,20.75785,29.99013,270,315,0
2.04,-30.00027,20.9549,29.99007,270,315,0
2.06,-30.00027,21.15196,29.99001,270,315,0
2.08,-30.00027,21.34902,29.98995,270,315,0
2.1,-30.00028,21.54608,29.98989,270,315,0
2.12,-30.00028,21.74314,29.98984,270,315,0
2.14,-30.00028,21.94019,29.98978,270,315,0
2.16,-30.00028,22.13725,29.98972,270,315,0
2.18,-30.00028,22.33431,29.98966,270,315,0
2.2,-30.00029,22.53137,29.9896,270,315,0
2.22,-30.00029,22.72842,29.98954,270,315,0
2.24,-30.00029,22.92548,29.98948,270,315,0
2.26,-30.00029,23.12254,29.98942,270,315,0
2.28,-30.00029,23.3196,29.98936,270,315,0
2.3,-30.0003,23.51665,29.9893,270,315,0
2.32,-30.0003,23.71371,29.98924,270,315,0
2.34,-30.0003,23.91077,29.98919,270,315,0
2.36,-30.0003,24.10783,29.98913,270,315,0
2.38,-30.0003,24.30489,29.98907,270,315,0
2.4,-30.00031,24.50194,29.98901,270,315,0
2.42,-30.00031,24.699,29.98895,270,315,0
2.44,-30.00031,24.89606,29.98889,270,315,0
2.46,-30.00031,25.09312,29.98883,270,315,0
2.48,-30.00031,25.29017,29.98877,270,315,0
2.5,-30.00031,25.48723,29.98872,270,315,0
2.52,-30.00032,25.68429,29.98866,270,315,0
2.54,-30.00032,25.88135,29.9886,270,315,0
2.56,-30.00032,26.07841,29.98854,270,315,0
2.58,-30.00032,26.27546,29.98849,270,315,0
2.6,-30.00032,26.47252,29.98843,270,315,0
2.62,-30.00033,26.66958,29.98837,270,315,0
2.64,-30.00033,26.86664,29.98832,270,315,0
2.66,-30.00033,27.06369,29.98826,270,315,0
2.68,-30.00033,27.26075,29.9882,270,315,0
2.7,-30.00033,27.45781,29.98814,270,315,0
2.72,-30.00034,27.65487,29.98809,270,315,0
2.74,-30.00034,27.85192,29.98803,270,315,0
2.76,-30.00034,28.04898,29.98797,270,315,0
2.78,-30.00034,28.24604,29.98792,270,315,0
2.8,-30.00034,28.4431,29.98786,270,315,0
2.82,-30.00035,28.64016,29.9878,270,315,0
2.84,-30.00035,28.83721,29.98774,270,315,0
2.86,-30.00035,29.03427,29.98769,270,315,0
2.88,-30.00035,29.23133,29.98763,270,315,0
2.9,-30.00035,29.42839,29.98757,270,315,0
2.92,-30.00035,29.62544,29.98751,270,315,0
2.94,-30.00036,29.8225,29.98746,270,315,0
2.96,-30.00036,30.01956,29.9874,270,315,0
2.98,-30.00036,30.21662,29.98735,270,315,0
3,-30.00036,30.41368,29.98729,270,315,0
3.02,-30.00036,30.61073,29.98724,270,315,0
3.04,-30.00037,30.80779,29.98718,270,315,0
3.06,-30.00037,31.00485,29.98713,270,315,0
3.08,-30.00037,31.20191,29.98707,270,315,0
3.1,-30.00037,31.39896,29.98702,270,315,0
3.12,-30.00037,31.59602,29.98696,270,315,0
3.14,-30.00038,31.79308,29.98691,270,315,0
3.16,-30.00038,31.99014,29.98685,270,315,0
3.18,-30.00038,32.18719,29.9868,270,315,0
3.2,-30.00038,32.38425,29.98674,270,315,0
3.22,-30.00038,32.58131,29.98668,270,315,0
3.24,-30.00039,32.77836,29.98663,270,315,0
3.26,-30.00039,32.97542,29.98657,270,315,0
3.28,-30.00039,33.17247,29.98652,270,315,0
3.3,-30.00039,33.36953,29.98646,270,315,0
3.32,-30.00039,33.56659,29.98641,270,315,0
3.34,-30.00039,33.76364,29.98635,270,315,0
3.36,-30.0004,33.9607,29.9863,270,315,0
3.38,-30.0004,34.15775,29.98624,270,315,0
3.4,-30.0004,34.35481,29.98619,270,315,0
3.42,-30.0004,34.55186,29.98614,270,315,0
3.44,-30.0004,34.74892,29.98608,270,315,0
3.46,-30.00041,34.94598,29.98603,270,315,0
3.48,-30.00041,35.14303,29.98598,270,315,0
3.5,-30.00041,35.34009,29.98592,270,315,0
3.52,-30.00041,35.53714,29.98587,270,315,0
3.54,-30.00041,35.7342,29.98582,270,315,0
3.56,-30.00042,35.93126,29.98576,270,315,0
3.58,-30.00042,36.12831,29.98571,270,315,0
3.6,-30.00042,36.32537,29.98565,270,315,0
3.62,-30.00042,36.52242,29.9856,270,315,0
3.64,-30.00042,36.71948,29.98555,270,315,0
3.66,-30.00043,36.91653,29.98549,270,315,0
3.68,-30.00043,37.11359,29.98544,270,315,0
3.7,-30.00043,37.31065,29.98539,270,315,0
3.72,-30.00043,37.5077,29.98533,270,315,0
3.74,-30.00043,37.70476,29.98528,270,315,0
3.76,-30.00043,37.90181,29.98523,270,315,0
3.78,-30.00044,38.09887,29.98517,270,315,0
3.8,-30.00044,38.29593,29.98512,270,315,0
3.82,-30.00044,38.49298,29.98507,270,315,0
3.84,-30.00044,38.69004,29.98501,270,315,0
3.86,-30.00044,38.88709,29.98496,270,315,0
3.88,-30.00045,39.08415,29.98491,270,315,0
3.9,-30.00045,39.2812,29.98486,270,315,0
3.92,-30.00045,39.47826,29.98481,270,315,0
3.94,-30.00045,39.67532,29.98476,270,315,0
3.96,-30.00045,39.87237,29.9847,270,315,0
3.98,-30.00046,40.06943,29.98465,270,315,0
4,-30.00046,40.26648,29.9846,270,315,0
4.02,-30.00046,40.46354,29.98455,270,315,0
4.04,-30.00046,40.66059,29.9845,270,315,0
4.06,-30.00046,40.85765,29.98445,270,315,0
4.08,-30.00047,41.05471,29.9844,270,315,0
4.1,-30.00047,41.25176,29.98434,270,315,0
4.12,-30.00047,41.44882,29.98429,270,315,0
4.14,-30.00047,41.64587,29.98424,270,315,0
4.16,-30.00047,41.84293,29.98419,270,315,0
4.18,-30.00047,42.03999,29.98414,270,315,0
4.2,-30.00048,42.23704,29.98409,270,315,0
4.22,-30.00048,42.4341,29.98404,270,315,0
4.24,-30.00048,42.63115,29.98398,270,315,0
4.26,-30.00048,42.82821,29.98393,270,315,0
4.28,-30.00048,43.02526,29.98388,270,315,0
4.3,-30.00049,43.22232,29.98383,270,315,0
4.32,-30.00049,43.41938,29.98378,270,315,0
4.34,-30.00049,43.61643,29.98373,270,315,0
4.36,-30.00049,43.81349,29.98368,270,315,0
4.38,-30.00049,44.01054,29.98363,270,315,0
4.4,-30.0005,44.2076,29.98358,270,315,0
4.42,-30.0005,44.40466,29.98353,270,315,0
4.44,-30.0005,44.60171,29.98348,270,315,0
4.46,-30.0005,44.79877,29.98343,270,315,0
4.48,-30.0005,44.99582,29.98339,270,315,0
4.5,-30.00051,45.19288,29.98334,270,315,0
4.52,-30.00051,45.38993,29.98329,270,315,0
4.54,-30.00051,45.58699,29.98324,270,315,0
4.56,-30.00051,45.78405,29.98319,270,315,0
4.58,-30.00051,45.9811,29.98314,270,315,0
4.6,-30.00051,46.17816,29.98309,270,315,0
4.62,-30.00052,46.37521,29.98304,270,315,0
4.64,-30.00052,46.57227,29.98299,270,315,0
4.66,-30.00052,46.76933,29.98294,270,315,0
4.68,-30.00052,46.96638,29.98289,270,315,0
4.7,-30.00052,47.16344,29.98284,270,315,0
4.72,-30.00053,47.36049,29.98279,270,315,0
4.74,-30.00053,47.55755,29.98274,270,315,0
4.76,-30.00053,47.7546,29.9827,270,315,0
4.78,-30.00053,47.95166,29.98265,270,315,0
4.8,-30.00053,48.14872,29.9826,270,315,0
4.82,-30.00054,48.34577,29.98255,270,315,0
4.84,-30.00054,48.54283,29.98251,270,315,0
4.86,-30.00054,48.73988,29.98246,270,315,0
4.88,-30.00054,48.93694,29.98241,270,315,0
4.9,-30.00054,49.134,29.98236,270,315,0
4.92,-30.00055,49.33105,29.98232,270,315,0
4.94,-30.00055,49.52811,29.98227,270,315,0
4.96,-30.00055,49.72516,29.98222,270,315,0
4.98,-30.00055,49.92222,29.98217,270,315,0
5,-30.00055,50.11927,29.98212,270,315,0
5.02,-30.00056,50.31633,29.98208,270,315,0
5.04,-30.00056,50.51339,29.98203,270,315,0
5.06,-30.00056,50.71044,29.98198,270,315,0
5.08,-30.00056,50.9075,29.98193,270,315,0
5.1,-30.00056,51.10455,29.98189,270,315,0
5.12,-30.00056,51.30161,29.98184,270,315,0
5.14,-30.00057,51.49866,29.98179,270,315,0
5.16,-30.00057,51.69572,29.98175,270,315,0
5.18,-30.00057,51.89278,29.9817,270,315,0
5.2,-30.00057,52.08983,29.98166,270,315,0
5.22,-30.00057,52.28689,29.98161,270,315,0
5.24,-30.00057,52.48394,29.98157,270,315,0
5.26,-30.00057,52.681,29.98152,270,315,0
5.28,-30.00057,52.87806,29.98147,270,315,0
5.3,-30.00057,53.07511,29.98143,270,315,0
5.32,-30.00057,53.27217,29.98138,270,315,0
5.34,-30.00057,53.46922,29.98134,270,315,0
5.36,-30.00057,53.66628,29.98129,270,315,0
5.38,-30.00057,53.86333,29.98125,270,315,0
5.4,-30.00057,54.06039,29.9812,270,315,0
5.42,-30.00057,54.25745,29.98115,270,315,0
5.44,-30.00057,54.4545,29.98111,270,315,0
5.46,-30.00057,54.65156,29.98106,270,315,0
5.48,-30.00057,54.84861,29.98102,270,315,0
5.5,-30.00057,55.04567,29.98097,270,315,0
5.52,-30.00057,55.24273,29.98093,270,315,0
5.54,-30.00057,55.43978,29.98088,270,315,0
5.56,-30.00057,55.63684,29.98084,270,315,0
5.58,-30.00057,55.83389,29.98079,270,315,0
5.6,-30.00057,56.03095,29.98075,270,315,0
5.62,-30.00057,56.228,29.98071,270,315,0
5.64,-30.00057,56.42506,29.98066,270,315,0
5.66,-30.00057,56.62212,29.98062,270,315,0
5.68,-30.00057,56.81917,29.98058,270,315,0
5.7,-30.00057,57.01623,29.98053,270,315,0
5.72,-30.00057,57.21328,29.98049,270,315,0
5.74,-30.00057,57.41034,29.98044,270,315,0
5.76,-30.00057,57.6074,29.9804,270,315,0
5.78,-30.00057,57.80445,29.98036,270,315,0
5.8,-30.00057,58.00151,29.98031,270,315,0
5.82,-30.00057,58.19856,29.98027,270,315,0
5.84,-30.00057,58.39562,29.98022,270,315,0
5.86,-30.00057,58.59267,29.98018,270,315,0
5.88,-30.00057,58.78973,29.98014,270,315,0
5.9,-30.00057,58.98679,29.98009,270,315,0
5.92,-30.00057,59.18384,29.98005,270,315,0
5.94,-30.00057,59.3809,29.98001,270,315,0
5.96,-30.00057,59.57795,29.97997,270,315,0
5.98,-30.00057,59.77501,29.97993,270,315,0
6,-30.00057,59.97206,29.97988,270,315,0
6.02,-30.00057,60.16912,29.97984,270,315,0
6.04,-30.00057,60.36618,29.9798,270,315,0
6.06,-30.00057,60.56323,29.97976,270,315,0
6.08,-30.00057,60.76029,29.97972,270,315,0
6.1,-30.00057,60.95734,29.97967,270,315,0
6.12,-30.00057,61.1544,29.97963,270,315,0
6.14,-30.00057,61.35146,29.97959,270,315,0
6.16,-30.00057,61.54851,29.97955,270,315,0
6.18,-30.00057,61.74557,29.97951,270,315,0
6.2,-30.00057,61.94262,29.97946,270,315,0
6.22,-30.00057,62.13968,29.97942,270,315,0
6.24,-30.00057,62.33673,29.97938,270,315,0
6.26,-30.00057,62.53379,29.97934,270,315,0
6.28,-30.00057,62.73085,29.9793,270,315,0
6.3,-30.00057,62.9279,29.97926,270,315,0
6.32,-30.00057,63.12496,29.97922,270,315,0
6.34,-30.00057,63.32201,29.97918,270,315,0
6.36,-30.00057,63.51907,29.97914,270,315,0
6.38,-30.00057,63.71613,29.9791,270,315,0
6.4,-30.00057,63.91318,29.97906,270,315,0
6.42,-30.00057,64.11024,29.97902,270,315,0
6.44,-30.00057,64.3073,29.97898,270,315,0
6.46,-30.00057,64.50436,29.97894,270,315,0
6.48,-30.00057,64.70142,29.9789,270,315,0
6.5,-30.00057,64.89848,29.97886,270,315,0
6.52,-30.00057,65.09554,29.97882,270,315,0
6.54,-30.00057,65.29259,29.97878,270,315,0
6.56,-30.00057,65.48965,29.97873,270,315,0
6.58,-30.00057,65.68671,29.97869,270,315,0
6.6,-30.00057,65.88377,29.97865,270,315,0
6.62,-30.00057,66.08083,29.97861,270,315,0
6.64,-30.00057,66.27789,29.97857,270,315,0
6.66,-30.00057,66.47495,29.97853,270,315,0
6.68,-30.00057,66.67201,29.9785,270,315,0
6.7,-30.00057,66.86907,29.97846,270,315,0
6.72,-30.00057,67.06613,29.97842,270,315,0
6.74,-30.00057,67.26319,29.97838,270,315,0
6.76,-30.00057,67.46025,29.97834,270,315,0
6.78,-30.00057,67.65731,29.97831,270,315,0
6.8,-30.00057,67.85437,29.97827,270,315,0
6.82,-30.00057,68.05143,29.97823,270,315,0
6.84,-30.00057,68.24849,29.97819,270,315,0
6.86,-30.00057,68.44555,29.97815,270,315,0
6.88,-30.00057,68.64261,29.97812,270,315,0
6.9,-30.00057,68.83967,29.97808,270,315,0
6.92,-30.00057,69.03673,29.97804,270,315,0
6.94,-30.00057,69.23379,29.978,270,315,0
6.96,-30.00057,69.43085,29.97796,270,315,0
6.98,-30.00057,69.62791,29.97792,270,315,0
7,-30.00057,69.82497,29.97789,270,315,0
7.02,-30.00057,70.02203,29.97785,270,315,0
7.04,-30.00057,70.21909,29.97781,270,315,0
7.06,-30.00057,70.41615,29.97778,270,315,0
7.08,-30.00057,70.6132,29.97774,270,315,0
7.1,-30.00057,70.81026,29.9777,270,315,0
7.12,-30.00057,71.00732,29.97767,270,315,0
7.14,-30.00057,71.20438,29.97763,270,315,0
7.16,-30.00057,71.40144,29.97759,270,315,0
7.18,-30.00057,71.5985,29.97756,270,315,0
7.2,-30.00057,71.79556,29.97752,270,315,0
7.22,-30.00057,71.99262,29.97749,270,315,0
7.24,-30.00057,72.18968,29.97745,270,315,0
7.26,-30.00057,72.38674,29.97741,270,315,0
7.28,-30.00057,72.5838,29.97738,270,315,0
7.3,-30.00057,72.78086,29.97734,270,315,0
7.32,-30.00057,72.97792,29.9773,270,315,0
7.34,-30.00057,73.17498,29.97727,270,315,0
7.36,-30.00057,73.37204,29.97723,270,315,0
7.38,-30.00057,73.5691,29.9772,270,315,0
7.4,-30.00057,73.76616,29.97716,270,315,0
7.42,-30.00057,73.96322,29.97713,270,315,0
7.44,-30.00057,74.16028,29.97709,270,315,0
7.46,-30.00057,74.35734,29.97706,270,315,0
7.48,-30.00057,74.5544,29.97703,270,315,0
7.5,-30.00057,74.75146,29.97699,270,315,0
7.52,-30.00057,74.94852,29.97696,270,315,0
7.54,-30.00057,75.14558,29.97692,270,315,0
7.56,-30.00057,75.34264,29.97689,270,315,0
7.58,-30.00057,75.5397,29.97685,270,315,0
7.6,-30.00057,75.73676,29.97682,270,315,0
7.62,-30.00057,75.93382,29.97679,270,315,0
7.64,-30.00057,76.13087,29.97675,270,315,0
7.66,-30.00057,76.32793,29.97672,270,315,0
7.68,-30.00057,76.52499,29.97668,270,315,0
7.7,-30.00057,76.72205,29.97665,270,315,0
7.72,-30.00057,76.91911,29.97662,270,315,0
7.74,-30.00057,77.11617,29.97658,270,315,0
7.76,-30.00057,77.31323,29.97655,270,315,0
7.78,-30.00057,77.51029,29.97652,270,315,0
7.8,-30.00057,77.70735,29.97649,270,315,0
7.82,-30.00057,77.90441,29.97645,270,315,0
7.84,-30.00057,78.10147,29.97642,270,315,0
7.86,-30.00057,78.29853,29.97639,270,315,0
7.88,-30.00057,78.49559,29.97636,270,315,0
7.9,-30.00057,78.69265,29.97632,270,315,0
7.92,-30.00057,78.88971,29.97629,270,315,0
7.94,-30.00057,79.08677,29.97626,270,315,0
7.96,-30.00057,79.28383,29.97623,270,315,0
7.98,-30.00057,79.48089,29.97619,270,315,0
8,-30.00057,79.67795,29.97616,270,315,0
8.02,-30.00057,79.87501,29.97613,270,315,0
8.04,-30.00057,80.07207,29.9761,270,315,0
8.059999,-30.00057,80.26913,29.97607,270,315,0
8.08,-30.00057,80.46619,29.97604,270,315,0
8.099999,-30.00057,80.66325,29.97601,270,315,0
8.12,-30.00057,80.86031,29.97598,270,315,0
8.139999,-30.00057,81.05737,29.97594,270,315,0
8.16,-30.00057,81.25443,29.97591,270,315,0
8.179999,-30.00057,81.45148,29.97588,270,315,0
8.2,-30.00057,81.64854,29.97585,270,315,0
8.22,-30.00057,81.8456,29.97582,270,315,0
8.24,-30.00057,82.04266,29.97579,270,315,0
8.26,-30.00057,82.23972,29.97576,270,315,0
8.28,-30.00057,82.43678,29.97573,270,315,0
8.3,-30.00057,82.63384,29.9757,270,315,0
8.32,-30.00057,82.8309,29.97567,270,315,0
8.34,-30.00057,83.02796,29.97564,270,315,0
8.36,-30.00057,83.22502,29.97561,270,315,0
8.38,-30.00057,83.42208,29.97558,270,315,0
8.4,-30.00057,83.61914,29.97555,270,315,0
8.42,-30.00057,83.8162,29.97552,270,315,0
8.44,-30.00057,84.01326,29.97549,270,315,0
8.46,-30.00057,84.21032,29.97547,270,315,0
8.48,-30.00057,84.40738,29.97544,270,315,0
8.5,-30.00057,84.60444,29.97541,270,315,0
8.52,-30.00057,84.8015,29.97538,270,315,0
8.54,-30.00057,84.99856,29.97535,270,315,0
8.559999,-30.00057,85.19562,29.97532,270,315,0
8.58,-30.00057,85.39268,29.97529,270,315,0
8.599999,-30.00057,85.58974,29.97527,270,315,0
8.62,-30.00057,85.7868,29.97524,270,315,0
8.639999,-30.00057,85.98386,29.97521,270,315,0
8.66,-30.00057,86.18092,29.97518,270,315,0
8.679999,-30.00057,86.37798,29.97515,270,315,0
8.7,-30.00057,86.57504,29.97512,270,315,0
8.72,-30.00057,86.77209,29.9751,270,315,0
8.74,-30.00057,86.96915,29.97507,270,315,0
8.76,-30.00057,87.16621,29.97504,270,315,0
8.78,-30.00057,87.36327,29.97502,270,315,0
8.8,-30.00057,87.56033,29.97499,270,315,0
8.82,-30.00057,87.75739,29.97496,270,315,0
8.84,-30.00057,87.95445,29.97494,270,315,0
8.86,-30.00057,88.15151,29.97491,270,315,0
8.88,-30.00057,88.34857,29.97488,270,315,0
8.9,-30.00057,88.54563,29.97486,270,315,0
8.92,-30.00057,88.74269,29.97483,270,315,0
8.94,-30.00057,88.93975,29.9748,270,315,0
8.96,-30.00057,89.13681,29.97478,270,315,0
8.98,-30.00057,89.33387,29.97475,270,315,0
9,-30.00057,89.53093,29.97473,270,315,0
9.02,-30.00057,89.72799,29.9747,270,315,0
9.04,-30.00057,89.92505,29.97468,270,315,0
9.059999,-30.00057,90.12211,29.97465,270,315,0
9.08,-30.00057,90.31917,29.97463,270,315,0
9.099999,-30.00057,90.51623,29.9746,270,315,0
9.12,-30.00057,90.71329,29.97458,270,315,0
9.139999,-30.00057,90.91035,29.97455,270,315,0
9.16,-30.00057,91.10741,29.97453,270,315,0
9.179999,-30.00057,91.30447,29.9745,270,315,0
9.2,-30.00057,91.50153,29.97448,270,315,0
9.22,-30.00057,91.69859,29.97445,270,315,0
9.24,-30.00057,91.89565,29.97443,270,315,0
9.26,-30.00057,92.0927,29.9744,270,315,0
9.28,-30.00057,92.28976,29.97438,270,315,0
9.3,-30.00057,92.48682,29.97436,270,315,0
9.32,-30.00057,92.68388,29.97433,270,315,0
9.34,-30.00057,92.88094,29.97431,270,315,0
9.36,-30.00057,93.078,29.97429,270,315,0
9.38,-30.00057,93.27506,29.97426,270,315,0
9.4,-30.00057,93.47212,29.97424,270,315,0
9.42,-30.00057,93.66918,29.97422,270,315,0
9.44,-30.00057,93.86624,29.9742,270,315,0
9.46,-30.00057,94.0633,29.97417,270,315,0
9.48,-30.00057,94.26036,29.97415,270,315,0
9.5,-30.00057,94.45742,29.97413,270,315,0
9.52,-30.00057,94.65448,29.9741,270,315,0
9.54,-30.00057,94.85154,29.97408,270,315,0
9.559999,-30.00057,95.0486,29.97406,270,315,0
9.58,-30.00057,95.24566,29.97404,270,315,0
9.599999,-30.00057,95.44272,29.97401,270,315,0
9.62,-30.00057,95.63978,29.97399,270,315,0
9.639999,-30.00057,95.83684,29.97397,270,315,0
9.66,-30.00057,96.0339,29.97395,270,315,0
9.679999,-30.00057,96.23096,29.97393,270,315,0
9.7,-30.00057,96.42802,29.97391,270,315,0
9.719999,-30.00057,96.62508,29.97389,270,315,0
9.74,-30.00057,96.82214,29.97387,270,315,0
9.76,-30.00057,97.0192,29.97385,270,315,0
9.78,-30.00057,97.21626,29.97383,270,315,0
9.8,-30.00057,97.41331,29.9738,270,315,0
9.82,-30.00057,97.61037,29.97378,270,315,0
9.84,-30.00057,97.80743,29.97376,270,315,0
9.86,-30.00057,98.00449,29.97374,270,315,0
9.88,-30.00057,98.20155,29.97372,270,315,0
9.9,-30.00057,98.39861,29.9737,270,315,0
9.92,-30.00057,98.59567,29.97368,270,315,0
9.94,-30.00057,98.79273,29.97367,270,315,0
9.96,-30.00057,98.98979,29.97365,270,315,0
9.98,-30.00057,99.18685,29.97363,270,315,0
10,-30.00057,99.38391,29.97361,270,315,0
10.02,-30.00057,99.58097,29.97359,270,315,0
10.04,-30.00057,99.77803,29.97357,270,315,0
10.06,-30.00057,99.97509,29.97355,270,315,0
10.08,-30.00057,100.1721,29.97353,270,315,0
10.1,-30.00057,100.3783,29.97352,270,315,0
10.12,-30.00057,100.5934,29.97351,270,315,0
10.14,-30.00057,100.8171,29.9735,270,315,0
10.16,-30.00057,101.0493,29.97349,270,315,0
10.18,-30.00057,101.2898,29.97349,270,315,0
10.2,-30.00057,101.5385,29.9735,270,315,0
10.22,-30.00057,101.7949,29.97351,270,315,0
10.24,-30.00057,102.0591,29.97351,270,315,0
10.26,-30.00057,102.3309,29.97353,270,315,0
10.28,-30.00057,102.6099,29.97355,270,315,0
10.3,-30.00057,102.8961,29.97356,270,315,0
10.32,-30.00057,103.1892,29.97359,270,315,0
10.34,-30.00057,103.4892,29.97361,270,315,0
10.36,-30.00057,103.7957,29.97364,270,315,0
10.38,-30.00057,104.1087,29.97367,270,315,0
10.4,-30.00057,104.428,29.97371,270,315,0
10.42,-30.00057,104.7533,29.97374,270,315,0
10.44,-30.00057,105.0846,29.97378,270,315,0
10.46,-30.00057,105.4217,29.97383,270,315,0
10.48,-30.00057,105.7644,29.97387,270,315,0
10.5,-30.00057,106.1125,29.97392,270,315,0
10.52,-30.00057,106.466,29.97397,270,315,0
10.54,-30.00057,106.8246,29.97402,270,315,0
10.56,-30.00056,107.1882,29.97408,270,315,0
10.58,-30.00056,107.5567,29.97413,270,315,0
10.6,-30.00056,107.9298,29.97419,270,315,0
10.62,-30.00056,108.3076,29.97425,270,315,0
10.64,-30.00056,108.6898,29.97432,270,315,0
10.66,-30.00056,109.0762,29.97438,270,315,0
10.68,-30.00055,109.4668,29.97445,270,315,0
10.7,-30.00055,109.8615,29.97452,270,315,0
10.72,-30.00055,110.26,29.97459,270,315,0
10.74,-30.00055,110.6622,29.97466,270,315,0
10.76,-30.00055,111.0681,29.97474,270,315,0
10.78,-30.00054,111.4775,29.97482,270,315,0
10.8,-30.00054,111.8903,29.97489,270,315,0
10.82,-30.00054,112.3063,29.97497,270,315,0
10.84,-30.00054,112.7255,29.97506,270,315,0
10.86,-30.00054,113.1477,29.97514,270,315,0
10.88,-30.00053,113.5728,29.97523,270,315,0
10.9,-30.00053,114.0007,29.97531,270,315,0
10.92,-30.00053,114.4313,29.9754,270,315,0
10.94,-30.00053,114.8644,29.97549,270,315,0
10.96,-30.00053,115.3,29.97558,270,315,0
10.98,-30.00052,115.738,29.97568,270,315,0
11,-30.00052,116.1782,29.97577,270,315,0
11.02,-30.00052,116.6205,29.97586,270,315,0
11.04,-30.00052,117.0649,29.97596,270,315,0
11.06,-30.00052,117.5113,29.97606,270,315,0
11.08,-30.00051,117.9595,29.97616,270,315,0
11.1,-30.00051,118.4094,29.97626,270,315,0
11.12,-30.00051,118.8611,29.97636,270,315,0
11.14,-30.00051,119.3142,29.97646,270,315,0
11.16,-30.00051,119.7689,29.97656,270,315,0
11.18,-30.00051,120.225,29.97667,270,315,0
11.2,-30.0005,120.6823,29.97677,270,315,0
11.22,-30.0005,121.1409,29.97688,270,315,0
11.24,-30.0005,121.6006,29.97699,270,315,0
11.26,-30.0005,122.0614,29.9771,270,315,0
11.28,-30.0005,122.5231,29.97721,270,315,0
11.3,-30.00049,122.9857,29.97731,270,315,0
11.32,-30.00049,123.4492,29.97742,270,315,0
11.34,-30.00049,123.9133,29.97754,270,315,0
11.36,-30.00049,124.3782,29.97765,270,315,0
11.38,-30.00049,124.8436,29.97776,270,315,0
11.4,-30.00048,125.3095,29.97787,270,315,0
11.42,-30.00048,125.7758,29.97799,270,315,0
11.44,-30.00048,126.2426,29.9781,270,315,0
11.46,-30.00048,126.7096,29.97822,270,315,0
11.48,-30.00048,127.1769,29.97833,270,315,0
11.5,-30.00047,127.6443,29.97845,270,315,0
11.52,-30.00047,128.1119,29.97857,270,315,0
11.54,-30.00047,128.5795,29.97868,270,315,0
11.56,-30.00047,129.047,29.9788,270,315,0
11.58,-30.00047,129.5145,29.97892,270,315,0
11.6,-30.00047,129.9819,29.97904,270,315,0
11.62,-30.00046,130.449,29.97915,270,315,0
11.64,-30.00046,130.9159,29.97927,270,315,0
11.66,-30.00046,131.3825,29.97939,270,315,0
11.68,-30.00046,131.8487,29.97951,270,315,0
11.7,-30.00046,132.3145,29.97963,270,315,0
11.72,-30.00045,132.7799,29.97975,270,315,0
11.74,-30.00045,133.2447,29.97987,270,315,0
11.76,-30.00045,133.7089,29.97999,270,315,0
11.78,-30.00045,134.1725,29.98011,270,315,0
11.8,-30.00045,134.6355,29.98023,270,315,0
11.82,-30.00044,135.0977,29.98036,270,315,0
11.84,-30.00044,135.5591,29.98048,270,315,0
11.86,-30.00044,136.0198,29.9806,270,315,0
11.88,-30.00044,136.4796,29.98072,270,315,0
11.9,-30.00044,136.9385,29.98084,270,315,0
11.92,-30.00043,137.3964,29.98097,270,315,0
11.94,-30.00043,137.8534,29.98109,270,315,0
11.96,-30.00043,138.3094,29.98121,270,315,0
11.98,-30.00043,138.7643,29.98133,270,315,0
12,-30.00043,139.2181,29.98145,270,315,0
12.02,-30.00043,139.6708,29.98158,270,315,0
12.04,-30.00042,140.1223,29.9817,270,315,0
12.06,-30.00042,140.5726,29.98182,270,315,0
12.08,-30.00042,141.0217,29.98194,270,315,0
12.1,-30.00042,141.4694,29.98207,270,315,0
12.12,-30.00042,141.9159,29.98219,270,315,0
12.14,-30.00041,142.361,29.98231,270,315,0
12.16,-30.00041,142.8048,29.98243,270,315,0
12.18,-30.00041,143.2472,29.98255,270,315,0
12.2,-30.00041,143.6881,29.98267,270,315,0
12.22,-30.00041,144.1276,29.98279,270,315,0
12.24,-30.0004,144.5656,29.98291,270,315,0
12.26,-30.0004,145.002,29.98303,270,315,0
12.28,-30.0004,145.437,29.98315,270,315,0
12.3,-30.0004,145.8703,29.98327,270,315,0
12.32,-30.0004,146.3021,29.98339,270,315,0
12.34,-30.00039,146.7322,29.98351,270,315,0
12.36,-30.00039,147.1607,29.98363,270,315,0
12.38,-30.00039,147.5875,29.98375,270,315,0
12.4,-30.00039,148.0127,29.98387,270,315,0
12.42,-30.00039,148.4361,29.98399,270,315,0
12.44,-30.00039,148.8578,29.98411,270,315,0
12.46,-30.00038,149.2778,29.98423,270,315,0
12.48,-30.00038,149.696,29.98434,270,315,0
12.5,-30.00038,150.1124,29.98446,270,315,0
12.52,-30.00038,150.5269,29.98458,270,315,0
12.54,-30.00038,150.9397,29.9847,270,315,0
12.56,-30.00037,151.3506,29.98481,270,315,0
12.58,-30.00037,151.7596,29.98493,270,315,0
12.6,-30.00037,152.1668,29.98504,270,315,0
12.62,-30.00037,152.5721,29.98516,270,315,0
12.64,-30.00037,152.9754,29.98528,270,315,0
12.66,-30.00036,153.3769,29.98539,270,315,0
12.68,-30.00036,153.7764,29.9855,270,315,0
12.7,-30.00036,154.1739,29.98562,270,315,0
12.72,-30.00036,154.5695,29.98573,270,315,0
12.74,-30.00036,154.9632,29.98584,270,315,0
12.76,-30.00035,155.3548,29.98596,270,315,0
12.78,-30.00035,155.7444,29.98607,270,315,0
12.8,-30.00035,156.132,29.98618,270,315,0
12.82,-30.00035,156.5176,29.98629,270,315,0
12.84,-30.00035,156.9012,29.9864,270,315,0
12.86,-30.00035,157.2827,29.98651,270,315,0
12.88,-30.00034,157.6622,29.98662,270,315,0
12.9,-30.00034,158.0397,29.98673,270,315,0
12.92,-30.00034,158.415,29.98684,270,315,0
12.94,-30.00034,158.7883,29.98695,270,315,0
12.96,-30.00034,159.1595,29.98706,270,315,0
12.98,-30.00033,159.5286,29.98717,270,315,0
13,-30.00033,159.8957,29.98727,270,315,0
13.02,-30.00033,160.2606,29.98738,270,315,0
13.04,-30.00033,160.6234,29.98749,270,315,0
13.06,-30.00033,160.9841,29.98759,270,315,0
13.08,-30.00032,161.3427,29.9877,270,315,0
13.1,-30.00032,161.6992,29.9878,270,315,0
13.12,-30.00032,162.0535,29.98791,270,315,0
13.14,-30.00032,162.4057,29.98801,270,315,0
13.16,-30.00032,162.7558,29.98811,270,315,0
13.18,-30.00031,163.1038,29.98821,270,315,0
13.2,-30.00031,163.4496,29.98832,270,315,0
13.22,-30.00031,163.7933,29.98842,270,315,0
13.24,-30.00031,164.1348,29.98852,270,315,0
13.26,-30.00031,164.4742,29.98862,270,315,0
13.28,-30.00031,164.8114,29.98872,270,315,0
13.3,-30.0003,165.1465,29.98882,270,315,0
13.32,-30.0003,165.4795,29.98892,270,315,0
13.34,-30.0003,165.8103,29.98902,270,315,0
13.36,-30.0003,166.1389,29.98912,270,315,0
13.38,-30.0003,166.4654,29.98921,270,315,0
13.4,-30.00029,166.7898,29.98931,270,315,0
13.42,-30.00029,167.112,29.98941,270,315,0
13.44,-30.00029,167.432,29.9895,270,315,0
13.46,-30.00029,167.7499,29.9896,270,315,0
13.48,-30.00029,168.0657,29.98969,270,315,0
13.5,-30.00028,168.3793,29.98979,270,315,0
13.52,-30.00028,168.6908,29.98988,270,315,0
13.54,-30.00028,169.0002,29.98997,270,315,0
13.56,-30.00028,169.3074,29.99007,270,315,0
13.58,-30.00028,169.6124,29.99016,270,315,0
13.6,-30.00027,169.9154,29.99025,270,315,0
13.62,-30.00027,170.2162,29.99034,270,315,0
13.64,-30.00027,170.5149,29.99043,270,315,0
13.66,-30.00027,170.8114,29.99052,270,315,0
13.68,-30.00027,171.1059,29.99061,270,315,0
13.7,-30.00027,171.3982,29.9907,270,315,0
13.72,-30.00026,171.6885,29.99079,270,315,0
13.74,-30.00026,171.9766,29.99088,270,315,0
13.76,-30.00026,172.2626,29.99096,270,315,0
13.78,-30.00026,172.5466,29.99105,270,315,0
13.8,-30.00026,172.8284,29.99113,270,315,0
13.82,-30.00025,173.1082,29.99122,270,315,0
13.84,-30.00025,173.3858,29.9913,270,315,0
13.86,-30.00025,173.6614,29.99139,270,315,0
13.88,-30.00025,173.935,29.99147,270,315,0
13.9,-30.00025,174.2064,29.99156,270,315,0
13.92,-30.00024,174.4758,29.99164,270,315,0
13.94,-30.00024,174.7431,29.99172,270,315,0
13.96,-30.00024,175.0085,29.9918,270,315,0
13.98,-30.00024,175.2717,29.99188,270,315,0
14,-30.00024,175.5329,29.99196,270,315,0
14.02,-30.00023,175.7921,29.99204,270,315,0
14.04,-30.00023,176.0493,29.99212,270,315,0
14.06,-30.00023,176.3045,29.9922,270,315,0
14.08,-30.00023,176.5576,29.99228,270,315,0
14.1,-30.00023,176.8088,29.99236,270,315,0
14.12,-30.00023,177.058,29.99243,270,315,0
14.14,-30.00022,177.3051,29.99251,270,315,0
14.16,-30.00022,177.5503,29.99259,270,315,0
14.18,-30.00022,177.7935,29.99266,270,315,0
14.2,-30.00022,178.0348,29.99273,270,315,0
14.22,-30.00022,178.2741,29.99281,270,315,0
14.24,-30.00021,178.5115,29.99288,270,315,0
14.26,-30.00021,178.7469,29.99296,270,315,0
14.28,-30.00021,178.9804,29.99303,270,315,0
14.3,-30.00021,179.212,29.9931,270,315,0
14.32,-30.00021,179.4417,29.99317,270,315,0
14.34,-30.0002,179.6694,29.99324,270,315,0
14.36,-30.0002,179.8952,29.99331,270,315,0
14.38,-30.0002,180.1192,29.99339,270,315,0
14.4,-30.0002,180.3413,29.99345,270,315,0
14.42,-30.0002,180.5615,29.99352,270,315,0
14.44,-30.00019,180.7798,29.99359,270,315,0
14.46,-30.00019,180.9963,29.99366,270,315,0
14.48,-30.00019,181.211,29.99373,270,315,0
14.5,-30.00019,181.4238,29.99379,270,315,0
14.52,-30.00019,181.6347,29.99386,270,315,0
14.54,-30.00019,181.8439,29.99393,270,315,0
14.56,-30.00018,182.0512,29.99399,270,315,0
14.58,-30.00018,182.2567,29.99405,270,315,0
14.6,-30.00018,182.4605,29.99412,270,315,0
14.62,-30.00018,182.6625,29.99418,270,315,0
14.64,-30.00018,182.8627,29.99425,270,315,0
14.66,-30.00017,183.0611,29.99431,270,315,0
14.68,-30.00017,183.2578,29.99437,270,315,0
14.7,-30.00017,183.4527,29.99443,270,315,0
14.72,-30.00017,183.6459,29.99449,270,315,0
14.74,-30.00017,183.8373,29.99455,270,315,0
14.76,-30.00016,184.0271,29.99461,270,315,0
14.78,-30.00016,184.2151,29.99467,270,315,0
14.8,-30.00016,184.4015,29.99473,270,315,0
14.82,-30.00016,184.5861,29.99479,270,315,0
14.84,-30.00016,184.7691,29.99485,270,315,0
14.86,-30.00015,184.9504,29.99491,270,315,0
14.88,-30.00015,185.13,29.99496,270,315,0
14.9,-30.00015,185.308,29.99502,270,315,0
14.92,-30.00015,185.4844,29.99508,270,315,0
14.94,-30.00015,185.6591,29.99513,270,315,0
14.96,-30.00014,185.8322,29.99519,270,315,0
14.98,-30.00014,186.0037,29.99524,270,315,0
15,-30.00014,186.1736,29.99529,270,315,0
15.02,-30.00014,186.3419,29.99535,270,315,0
15.04,-30.00014,186.5086,29.9954,270,315,0
15.06,-30.00014,186.6738,29.99545,270,315,0
15.08,-30.00013,186.8373,29.99551,270,315,0
15.1,-30.00013,186.9994,29.99556,270,315,0
15.12,-30.00013,187.1599,29.99561,270,315,0
15.14,-30.00013,187.3188,29.99566,270,315,0
15.16,-30.00013,187.4763,29.99571,270,315,0
